168
4 25
4 24
4 23
4 22
4 21
4 20
4 19
5 19
5 18
5 17
5 16
6 16
6 15
6 14
7 14
7 13
8 13
8 12
9 12
9 11
9 10
10 10
10 9
11 9
12 9
12 8
13 8
13 7
14 7
14 6
15 6
16 6
16 5
17 5
18 5
19 5
19 4
20 4
21 4
22 4
23 4
24 4
25 4
26 4
27 4
28 4
29 4
30 4
31 4
31 5
32 5
33 5
34 5
34 6
35 6
36 6
36 7
37 7
37 8
38 8
38 9
39 9
40 9
40 10
41 10
41 11
41 12
42 12
42 13
43 13
43 14
44 14
44 15
44 16
45 16
45 17
45 18
45 19
46 19
46 20
46 21
46 22
46 23
46 24
46 25
46 26
46 27
46 28
46 29
46 30
46 31
45 31
45 32
45 33
45 34
44 34
44 35
44 36
43 36
43 37
42 37
42 38
41 38
41 39
41 40
40 40
40 41
39 41
38 41
38 42
37 42
37 43
36 43
36 44
35 44
34 44
34 45
33 45
32 45
31 45
31 46
30 46
29 46
28 46
27 46
26 46
25 46
24 46
23 46
22 46
21 46
20 46
19 46
19 45
18 45
17 45
16 45
16 44
15 44
14 44
14 43
13 43
13 42
12 42
12 41
11 41
10 41
10 40
9 40
9 39
9 38
8 38
8 37
7 37
7 36
6 36
6 35
6 34
5 34
5 33
5 32
5 31
4 31
4 30
4 29
4 28
4 27
4 26
