1.15602e-13
1.15602e-13
1.15602e-13
1.15602e-13
1.15602e-13
1.15602e-13
1.15602e-13
1.15602e-13
1.15602e-13
1.15602e-13
1.15602e-13
1.15602e-13
1.15602e-13
1.15602e-13
1.15602e-13
1.15602e-13
1.15602e-13
1.15602e-13
1.15602e-13
1.15602e-13
1.15602e-13
1.15602e-13
1.15602e-13
1.15602e-13
1.15602e-13
1.15602e-13
1.15602e-13
1.15602e-13
1.15602e-13
1.15602e-13
1.15602e-13
1.15602e-13
1.15602e-13
1.15602e-13
1.15602e-13
1.15602e-13
1.15602e-13
1.15602e-13
1.15602e-13
1.15602e-13
1.15602e-13
1.15602e-13
1.15602e-13
1.15602e-13
1.15602e-13
1.15602e-13
1.15602e-13
1.15602e-13
1.15602e-13
1.15602e-13
1.15602e-13

1.15602e-13
1.15602e-13
1.15602e-13
1.15602e-13
1.15602e-13
1.15602e-13
1.15602e-13
1.15602e-13
1.15602e-13
1.15602e-13
1.15602e-13
1.15602e-13
1.15602e-13
1.15602e-13
1.15602e-13
1.15602e-13
1.15602e-13
1.15602e-13
1.15602e-13
1.15602e-13
1.15602e-13
1.15602e-13
1.15602e-13
1.15602e-13
1.15602e-13
1.15602e-13
1.15602e-13
1.15602e-13
1.15602e-13
1.15602e-13
1.15602e-13
1.15602e-13
1.15602e-13
1.15602e-13
1.15602e-13
1.15602e-13
1.15602e-13
1.15602e-13
1.15602e-13
1.15602e-13
1.15602e-13
1.15602e-13
1.15602e-13
1.15602e-13
1.15602e-13
1.15602e-13
1.15602e-13
1.15602e-13
1.15602e-13
1.15602e-13
1.15602e-13

1.15602e-13
1.15602e-13
1.15602e-13
1.15602e-13
1.15602e-13
1.15602e-13
1.15602e-13
1.15602e-13
1.15602e-13
1.15602e-13
1.15602e-13
1.15602e-13
1.15602e-13
1.15602e-13
1.15602e-13
1.15602e-13
1.15602e-13
1.15602e-13
1.15602e-13
1.15602e-13
1.15602e-13
1.15602e-13
1.15602e-13
1.15602e-13
1.15602e-13
1.15602e-13
1.15602e-13
1.15602e-13
1.15602e-13
1.15602e-13
1.15602e-13
1.15602e-13
1.15602e-13
1.15602e-13
1.15602e-13
1.15602e-13
1.15602e-13
1.15602e-13
1.15602e-13
1.15602e-13
1.15602e-13
1.15602e-13
1.15602e-13
1.15602e-13
1.15602e-13
1.15602e-13
1.15602e-13
1.15602e-13
1.15602e-13
1.15602e-13
1.15602e-13

1.15602e-13
1.15602e-13
1.15602e-13
1.15602e-13
1.15602e-13
1.15602e-13
1.15602e-13
1.15602e-13
1.15602e-13
1.15602e-13
1.15602e-13
1.15602e-13
1.15602e-13
1.15602e-13
1.15602e-13
1.15602e-13
1.15602e-13
1.15602e-13
1.15602e-13
1.15602e-13
1.15602e-13
1.15602e-13
1.15602e-13
1.15602e-13
1.15602e-13
1.15602e-13
1.15602e-13
1.15602e-13
1.15602e-13
1.15602e-13
1.15602e-13
1.15602e-13
1.15602e-13
1.15602e-13
1.15602e-13
1.15602e-13
1.15602e-13
1.15602e-13
1.15602e-13
1.15602e-13
1.15602e-13
1.15602e-13
1.15602e-13
1.15602e-13
1.15602e-13
1.15602e-13
1.15602e-13
1.15602e-13
1.15602e-13
1.15602e-13
1.15602e-13

1.15602e-13
1.15602e-13
1.15602e-13
1.15602e-13
1.15602e-13
1.15602e-13
1.15602e-13
1.15602e-13
1.15602e-13
1.15602e-13
1.15602e-13
1.15602e-13
1.15602e-13
1.15602e-13
1.15602e-13
1.15602e-13
1.15602e-13
1.15602e-13
1.15602e-13
0.116751
0.0989034
0.0997588
0.0909276
0.0823452
0.0769846
0.0747306
0.0768015
0.0871163
0.103115
0.108968
0.0984389
0.110735
1.15602e-13
1.15602e-13
1.15602e-13
1.15602e-13
1.15602e-13
1.15602e-13
1.15602e-13
1.15602e-13
1.15602e-13
1.15602e-13
1.15602e-13
1.15602e-13
1.15602e-13
1.15602e-13
1.15602e-13
1.15602e-13
1.15602e-13
1.15602e-13
1.15602e-13

1.15602e-13
1.15602e-13
1.15602e-13
1.15602e-13
1.15602e-13
1.15602e-13
1.15602e-13
1.15602e-13
1.15602e-13
1.15602e-13
1.15602e-13
1.15602e-13
1.15602e-13
1.15602e-13
1.15602e-13
1.15602e-13
0.128091
0.113781
0.127498
0.123157
0.0977012
0.0893648
0.0807293
0.0733515
0.0686605
0.0667784
0.0690775
0.0780962
0.0912191
0.100075
0.107585
0.1371
0.141814
0.121204
0.136504
1.15602e-13
1.15602e-13
1.15602e-13
1.15602e-13
1.15602e-13
1.15602e-13
1.15602e-13
1.15602e-13
1.15602e-13
1.15602e-13
1.15602e-13
1.15602e-13
1.15602e-13
1.15602e-13
1.15602e-13
1.15602e-13

1.15602e-13
1.15602e-13
1.15602e-13
1.15602e-13
1.15602e-13
1.15602e-13
1.15602e-13
1.15602e-13
1.15602e-13
1.15602e-13
1.15602e-13
1.15602e-13
1.15602e-13
1.15602e-13
0.128609
0.129494
0.138822
0.1129
0.103911
0.0989811
0.0852734
0.0743562
0.0657928
0.059614
0.0558463
0.0543784
0.0560743
0.0625755
0.073223
0.0851575
0.0984746
0.113764
0.121442
0.134388
0.16815
0.156117
0.143204
1.15602e-13
1.15602e-13
1.15602e-13
1.15602e-13
1.15602e-13
1.15602e-13
1.15602e-13
1.15602e-13
1.15602e-13
1.15602e-13
1.15602e-13
1.15602e-13
1.15602e-13
1.15602e-13

1.15602e-13
1.15602e-13
1.15602e-13
1.15602e-13
1.15602e-13
1.15602e-13
1.15602e-13
1.15602e-13
1.15602e-13
1.15602e-13
1.15602e-13
1.15602e-13
1.15602e-13
0.140043
0.127344
0.120352
0.11662
0.0992471
0.0843204
0.0729237
0.0614165
0.051919
0.0449185
0.04021
0.0374169
0.0362914
0.0372374
0.0412757
0.0487786
0.0590809
0.0716839
0.0862734
0.102985
0.125933
0.150528
0.154358
0.147416
0.156877
1.15602e-13
1.15602e-13
1.15602e-13
1.15602e-13
1.15602e-13
1.15602e-13
1.15602e-13
1.15602e-13
1.15602e-13
1.15602e-13
1.15602e-13
1.15602e-13
1.15602e-13

1.15602e-13
1.15602e-13
1.15602e-13
1.15602e-13
1.15602e-13
1.15602e-13
1.15602e-13
1.15602e-13
1.15602e-13
1.15602e-13
1.15602e-13
1.15602e-13
0.150038
0.131263
0.1226
0.107606
0.0917399
0.0743776
0.0595532
0.048118
0.0388639
0.0317768
0.026776
0.0235247
0.0216174
0.0207949
0.0211931
0.0233703
0.0278397
0.0346847
0.0438678
0.0559908
0.0731671
0.0979823
0.126501
0.146143
0.150385
0.147517
0.178993
1.15602e-13
1.15602e-13
1.15602e-13
1.15602e-13
1.15602e-13
1.15602e-13
1.15602e-13
1.15602e-13
1.15602e-13
1.15602e-13
1.15602e-13
1.15602e-13

1.15602e-13
1.15602e-13
1.15602e-13
1.15602e-13
1.15602e-13
1.15602e-13
1.15602e-13
1.15602e-13
1.15602e-13
1.15602e-13
0.133497
0.13662
0.149556
0.122991
0.103259
0.0836594
0.0657118
0.0502226
0.0380607
0.0290747
0.0224501
0.0176926
0.0144568
0.0123973
0.0111927
0.0106355
0.01074
0.0117694
0.0140733
0.0178739
0.0233944
0.0315236
0.0445203
0.0650205
0.0917227
0.117252
0.135911
0.156253
0.192917
0.167116
0.141588
1.15602e-13
1.15602e-13
1.15602e-13
1.15602e-13
1.15602e-13
1.15602e-13
1.15602e-13
1.15602e-13
1.15602e-13
1.15602e-13

1.15602e-13
1.15602e-13
1.15602e-13
1.15602e-13
1.15602e-13
1.15602e-13
1.15602e-13
1.15602e-13
1.15602e-13
0.133497
0.131522
0.126802
0.121235
0.100043
0.0784
0.0592769
0.0436371
0.0315413
0.0226938
0.0164748
0.0121568
0.00920851
0.00726684
0.00605185
0.00534185
0.00499373
0.00498194
0.00541306
0.00646961
0.00831823
0.0111816
0.0157646
0.0237765
0.0375474
0.0576972
0.0815094
0.10713
0.136603
0.163591
0.160464
0.142363
0.138082
1.15602e-13
1.15602e-13
1.15602e-13
1.15602e-13
1.15602e-13
1.15602e-13
1.15602e-13
1.15602e-13
1.15602e-13

1.15602e-13
1.15602e-13
1.15602e-13
1.15602e-13
1.15602e-13
1.15602e-13
1.15602e-13
1.15602e-13
1.15602e-13
0.13662
0.126802
0.116231
0.0972273
0.075068
0.055192
0.0392977
0.0273679
0.0188034
0.0128888
0.00891995
0.00629149
0.00457099
0.00347116
0.00279419
0.00239938
0.00219719
0.0021583
0.00231846
0.00275873
0.00357074
0.00489539
0.00715409
0.0113897
0.0192461
0.0319738
0.0498213
0.0738081
0.105474
0.138637
0.157026
0.153043
0.154191
1.15602e-13
1.15602e-13
1.15602e-13
1.15602e-13
1.15602e-13
1.15602e-13
1.15602e-13
1.15602e-13
1.15602e-13

1.15602e-13
1.15602e-13
1.15602e-13
1.15602e-13
1.15602e-13
1.15602e-13
1.15602e-13
1.15602e-13
0.150038
0.149556
0.121235
0.0972273
0.0737676
0.0530944
0.0367755
0.0248114
0.0164457
0.0107898
0.00707149
0.00467867
0.00315679
0.00219695
0.00160066
0.00123997
0.0010306
0.000920142
0.000886568
0.000938462
0.00110757
0.00143636
0.00199634
0.00299852
0.00498511
0.0089166
0.0158995
0.0271898
0.0452822
0.0729034
0.107879
0.140433
0.161821
0.186149
0.188136
1.15602e-13
1.15602e-13
1.15602e-13
1.15602e-13
1.15602e-13
1.15602e-13
1.15602e-13
1.15602e-13

1.15602e-13
1.15602e-13
1.15602e-13
1.15602e-13
1.15602e-13
1.15602e-13
1.15602e-13
0.140043
0.131263
0.122991
0.100043
0.075068
0.0530944
0.0359253
0.023557
0.0151238
0.00957815
0.00602162
0.00378552
0.00240113
0.00155199
0.00103423
0.000721404
0.00053573
0.000428801
0.000371347
0.000349431
0.000363146
0.000423508
0.000547981
0.000768159
0.00117724
0.00202449
0.0037942
0.00720061
0.0134412
0.0250118
0.0454996
0.0761986
0.11223
0.145937
0.169257
0.167895
0.170585
1.15602e-13
1.15602e-13
1.15602e-13
1.15602e-13
1.15602e-13
1.15602e-13
1.15602e-13

1.15602e-13
1.15602e-13
1.15602e-13
1.15602e-13
1.15602e-13
1.15602e-13
0.128609
0.127344
0.1226
0.103259
0.0784
0.055192
0.0367755
0.023557
0.014688
0.00900086
0.00545968
0.00329632
0.00199251
0.00121465
0.000753496
0.000481061
0.000320894
0.000227747
0.000174697
0.000145939
0.00013345
0.000135592
0.000155647
0.000200142
0.000281709
0.000437822
0.00077249
0.00150345
0.00300964
0.00608317
0.0125755
0.0257209
0.0485911
0.08185
0.121697
0.154858
0.165733
0.153006
0.14956
1.15602e-13
1.15602e-13
1.15602e-13
1.15602e-13
1.15602e-13
1.15602e-13

1.15602e-13
1.15602e-13
1.15602e-13
1.15602e-13
1.15602e-13
1.15602e-13
0.129494
0.120352
0.107606
0.0836594
0.0592769
0.0392977
0.0248114
0.0151238
0.00900086
0.00527839
0.00307164
0.00178327
0.00103796
0.00060927
0.00036342
0.000222561
0.000141967
9.61025e-05
7.03461e-05
5.63646e-05
4.98057e-05
4.92369e-05
5.5395e-05
7.05087e-05
9.92513e-05
0.000155624
0.000279791
0.000561158
0.00117487
0.00254582
0.00579265
0.0131964
0.0281731
0.0543112
0.0910734
0.129685
0.159125
0.165483
0.163456
1.15602e-13
1.15602e-13
1.15602e-13
1.15602e-13
1.15602e-13
1.15602e-13

1.15602e-13
1.15602e-13
1.15602e-13
1.15602e-13
1.15602e-13
0.128091
0.138822
0.11662
0.0917399
0.0657118
0.0436371
0.0273679
0.0164457
0.00957815
0.00545968
0.00307164
0.00171751
0.000959665
0.000538307
0.000304611
0.000174978
0.000102943
6.28436e-05
4.05434e-05
2.82273e-05
2.15733e-05
1.83073e-05
1.75107e-05
1.92155e-05
2.41088e-05
3.38102e-05
5.3249e-05
9.69881e-05
0.000199159
0.000432788
0.00099508
0.00246239
0.00621904
0.0149986
0.032746
0.0620657
0.103883
0.150461
0.176503
0.178184
0.141972
1.15602e-13
1.15602e-13
1.15602e-13
1.15602e-13
1.15602e-13

1.15602e-13
1.15602e-13
1.15602e-13
1.15602e-13
1.15602e-13
0.113781
0.1129
0.0992471
0.0743776
0.0502226
0.0315413
0.0188034
0.0107898
0.00602162
0.00329632
0.00178327
0.000959665
0.000516563
0.000279396
0.000152515
8.44616e-05
4.78037e-05
2.79661e-05
1.72004e-05
1.13673e-05
8.24654e-06
6.67704e-06
6.13952e-06
6.53443e-06
8.04358e-06
1.11954e-05
1.76414e-05
3.23933e-05
6.77273e-05
0.000151756
0.000366684
0.000974586
0.00271041
0.00734038
0.0180005
0.0403794
0.0804554
0.12821
0.156803
0.150606
0.132223
1.15602e-13
1.15602e-13
1.15602e-13
1.15602e-13
1.15602e-13

1.15602e-13
1.15602e-13
1.15602e-13
1.15602e-13
1.15602e-13
0.127498
0.103911
0.0843204
0.0595532
0.0380607
0.0226938
0.0128888
0.00707149
0.00378552
0.00199251
0.00103796
0.000538307
0.000279396
0.000145791
7.68033e-05
4.10327e-05
2.23677e-05
1.25588e-05
7.37231e-06
4.62198e-06
3.17096e-06
2.43405e-06
2.13611e-06
2.19048e-06
2.63114e-06
3.61967e-06
5.68622e-06
1.04815e-05
2.22077e-05
5.10201e-05
0.000128457
0.000362488
0.00109938
0.00330535
0.00956617
0.0259613
0.0584552
0.101891
0.139869
0.157782
0.177452
1.15602e-13
1.15602e-13
1.15602e-13
1.15602e-13
1.15602e-13

1.15602e-13
1.15602e-13
1.15602e-13
1.15602e-13
0.116751
0.123157
0.0989811
0.0729237
0.048118
0.0290747
0.0164748
0.00891995
0.00467867
0.00240113
0.00121465
0.00060927
0.000304611
0.000152515
7.68033e-05
3.90556e-05
2.0137e-05
1.05809e-05
5.70962e-06
3.20423e-06
1.90693e-06
1.23452e-06
8.93298e-07
7.42488e-07
7.27913e-07
8.47677e-07
1.14728e-06
1.79035e-06
3.30061e-06
7.05764e-06
1.65445e-05
4.30898e-05
0.0001278
0.000418106
0.00142939
0.00502483
0.015988
0.0403343
0.0805628
0.129464
0.165263
0.176656
0.139523
1.15602e-13
1.15602e-13
1.15602e-13
1.15602e-13

1.15602e-13
1.15602e-13
1.15602e-13
1.15602e-13
0.0989034
0.0977012
0.0852734
0.0614165
0.0388639
0.0224501
0.0121568
0.00629149
0.00315679
0.00155199
0.000753496
0.00036342
0.000174978
8.44616e-05
4.10327e-05
2.0137e-05
1.00197e-05
5.07679e-06
2.63568e-06
1.41652e-06
8.015e-07
4.89388e-07
3.32387e-07
2.59662e-07
2.41222e-07
2.70209e-07
3.57797e-07
5.52575e-07
1.01534e-06
2.18317e-06
5.20036e-06
1.39243e-05
4.30354e-05
0.00015026
0.000599991
0.00254965
0.00922782
0.0269819
0.0640257
0.117315
0.156962
0.150764
0.122677
1.15602e-13
1.15602e-13
1.15602e-13
1.15602e-13

1.15602e-13
1.15602e-13
1.15602e-13
1.15602e-13
0.0997588
0.0893648
0.0743562
0.051919
0.0317768
0.0176926
0.00920851
0.00457099
0.00219695
0.00103423
0.000481061
0.000222561
0.000102943
4.78037e-05
2.23677e-05
1.05809e-05
5.07679e-06
2.47975e-06
1.2392e-06
6.3871e-07
3.44296e-07
1.98474e-07
1.26223e-07
9.20468e-08
8.02453e-08
8.56444e-08
1.10192e-07
1.677e-07
3.0611e-07
6.59694e-07
1.59099e-06
4.35677e-06
1.39309e-05
5.1409e-05
0.000242285
0.00121175
0.00510554
0.0183218
0.0519705
0.105594
0.148738
0.151022
0.138674
1.15602e-13
1.15602e-13
1.15602e-13
1.15602e-13

1.15602e-13
1.15602e-13
1.15602e-13
1.15602e-13
0.0909276
0.0807293
0.0657928
0.0449185
0.026776
0.0144568
0.00726684
0.00347116
0.00160066
0.000721404
0.000320894
0.000141967
6.28436e-05
2.79661e-05
1.25588e-05
5.70962e-06
2.63568e-06
1.2392e-06
5.95736e-07
2.9466e-07
1.51594e-07
8.26651e-08
4.92087e-08
3.33264e-08
2.69975e-08
2.71449e-08
3.36408e-08
5.01911e-08
9.07001e-08
1.95316e-07
4.75392e-07
1.32552e-06
4.35852e-06
1.68557e-05
9.32798e-05
0.000531827
0.00282779
0.0132139
0.0439635
0.0961762
0.140089
0.145445
0.137336
1.15602e-13
1.15602e-13
1.15602e-13
1.15602e-13

1.15602e-13
1.15602e-13
1.15602e-13
1.15602e-13
0.0823452
0.0733515
0.059614
0.04021
0.0235247
0.0123973
0.00605185
0.00279419
0.00123997
0.00053573
0.000227747
9.61025e-05
4.05434e-05
1.72004e-05
7.37231e-06
3.20423e-06
1.41652e-06
6.3871e-07
2.9466e-07
1.39723e-07
6.86562e-08
3.54854e-08
1.97963e-08
1.24161e-08
9.26289e-09
8.66159e-09
1.02255e-08
1.48573e-08
2.64783e-08
5.68063e-08
1.3914e-07
3.93538e-07
1.32396e-06
5.32656e-06
3.41369e-05
0.000215755
0.00168546
0.0104714
0.0392556
0.0899683
0.133433
0.139284
0.131872
1.15602e-13
1.15602e-13
1.15602e-13
1.15602e-13

1.15602e-13
1.15602e-13
1.15602e-13
1.15602e-13
0.0769846
0.0686605
0.0558463
0.0374169
0.0216174
0.0111927
0.00534185
0.00239938
0.0010306
0.000428801
0.000174697
7.03461e-05
2.82273e-05
1.13673e-05
4.62198e-06
1.90693e-06
8.015e-07
3.44296e-07
1.51594e-07
6.86562e-08
3.21703e-08
1.57701e-08
8.25847e-09
4.79393e-09
3.27075e-09
2.80548e-09
3.11118e-09
4.36357e-09
7.6338e-09
1.62668e-08
3.99889e-08
1.14359e-07
3.9195e-07
1.63022e-06
1.18957e-05
8.15431e-05
0.00116455
0.00913221
0.0367797
0.08643
0.129265
0.134945
0.127577
1.15602e-13
1.15602e-13
1.15602e-13
1.15602e-13

1.15602e-13
1.15602e-13
1.15602e-13
1.15602e-13
0.0747306
0.0667784
0.0543784
0.0362914
0.0207949
0.0106355
0.00499373
0.00219719
0.000920142
0.000371347
0.000145939
5.63646e-05
2.15733e-05
8.24654e-06
3.17096e-06
1.23452e-06
4.89388e-07
1.98474e-07
8.26651e-08
3.54854e-08
1.57701e-08
7.31353e-09
3.59556e-09
1.93244e-09
1.20032e-09
9.31755e-10
9.54089e-10
1.27633e-09
2.17858e-09
4.59551e-09
1.13095e-08
3.26087e-08
1.13445e-07
4.85204e-07
3.96318e-06
2.89859e-05
0.000946883
0.00853473
0.0355996
0.0846267
0.126983
0.132652
0.125453
1.15602e-13
1.15602e-13
1.15602e-13
1.15602e-13

1.15602e-13
1.15602e-13
1.15602e-13
1.15602e-13
0.0768015
0.0690775
0.0560743
0.0372374
0.0211931
0.01074
0.00498194
0.0021583
0.000886568
0.000349431
0.00013345
4.98057e-05
1.83073e-05
6.67704e-06
2.43405e-06
8.93298e-07
3.32387e-07
1.26223e-07
4.92087e-08
1.97963e-08
8.25847e-09
3.59556e-09
1.65272e-09
8.21293e-10
4.63003e-10
3.21312e-10
2.97686e-10
3.73629e-10
6.17015e-10
1.28321e-09
3.1533e-09
9.14369e-09
3.21887e-08
1.40922e-07
1.26843e-06
9.7784e-06
0.000862611
0.00828901
0.0350838
0.0837895
0.127162
0.134263
0.128019
1.15602e-13
1.15602e-13
1.15602e-13
1.15602e-13

1.15602e-13
1.15602e-13
1.15602e-13
1.15602e-13
0.0871163
0.0780962
0.0625755
0.0412757
0.0233703
0.0117694
0.00541306
0.00231846
0.000938462
0.000363146
0.000135592
4.92369e-05
1.75107e-05
6.13952e-06
2.13611e-06
7.42488e-07
2.59662e-07
9.20468e-08
3.33264e-08
1.24161e-08
4.79393e-09
1.93244e-09
8.21293e-10
3.74715e-10
1.9075e-10
1.1698e-10
9.57841e-11
1.10245e-10
1.73967e-10
3.54812e-10
8.68211e-10
2.52605e-09
8.97373e-09
4.00571e-08
3.91823e-07
3.15508e-06
0.000832043
0.00819488
0.0348747
0.0862896
0.134834
0.144707
0.13897
1.15602e-13
1.15602e-13
1.15602e-13
1.15602e-13

1.15602e-13
1.15602e-13
1.15602e-13
1.15602e-13
0.103115
0.0912191
0.073223
0.0487786
0.0278397
0.0140733
0.00646961
0.00275873
0.00110757
0.000423508
0.000155647
5.5395e-05
1.92155e-05
6.53443e-06
2.19048e-06
7.27913e-07
2.41222e-07
8.02453e-08
2.69975e-08
9.26289e-09
3.27075e-09
1.20032e-09
4.63003e-10
1.9075e-10
8.65396e-11
4.6183e-11
3.2479e-11
3.31724e-11
4.90515e-11
9.73437e-11
2.36416e-10
6.88646e-10
2.46286e-09
1.11711e-08
1.1732e-07
9.80029e-07
0.000821549
0.00816094
0.0384115
0.0991263
0.153415
0.162026
0.152922
1.15602e-13
1.15602e-13
1.15602e-13
1.15602e-13

1.15602e-13
1.15602e-13
1.15602e-13
1.15602e-13
0.108968
0.100075
0.0851575
0.0590809
0.0346847
0.0178739
0.00831823
0.00357074
0.00143636
0.000547981
0.000200142
7.05087e-05
2.41088e-05
8.04358e-06
2.63114e-06
8.47677e-07
2.70209e-07
8.56444e-08
2.71449e-08
8.66159e-09
2.80548e-09
9.31755e-10
3.21312e-10
1.1698e-10
4.6183e-11
2.08869e-11
1.21114e-11
1.04176e-11
1.39437e-11
2.65691e-11
6.37612e-11
1.85525e-10
6.66542e-10
3.06302e-09
3.41771e-08
2.94636e-07
0.000818111
0.0110081
0.0513028
0.121032
0.171607
0.168307
0.149399
1.15602e-13
1.15602e-13
1.15602e-13
1.15602e-13

1.15602e-13
1.15602e-13
1.15602e-13
1.15602e-13
0.0984389
0.107585
0.0984746
0.0716839
0.0438678
0.0233944
0.0111816
0.00489539
0.00199634
0.000768159
0.000281709
9.92513e-05
3.38102e-05
1.11954e-05
3.61967e-06
1.14728e-06
3.57797e-07
1.10192e-07
3.36408e-08
1.02255e-08
3.11118e-09
9.54089e-10
2.97686e-10
9.57841e-11
3.2479e-11
1.21114e-11
5.47937e-12
3.62352e-12
4.07783e-12
7.24997e-12
1.70606e-11
4.94557e-11
1.78142e-10
8.27222e-10
9.71826e-09
8.61129e-08
0.00212085
0.0190737
0.0706061
0.141945
0.178133
0.156671
0.114163
1.15602e-13
1.15602e-13
1.15602e-13
1.15602e-13

1.15602e-13
1.15602e-13
1.15602e-13
1.15602e-13
0.110735
0.1371
0.113764
0.0862734
0.0559908
0.0315236
0.0157646
0.00715409
0.00299852
0.00117724
0.000437822
0.000155624
5.3249e-05
1.76414e-05
5.68622e-06
1.79035e-06
5.52575e-07
1.677e-07
5.01911e-08
1.48573e-08
4.36357e-09
1.27633e-09
3.73629e-10
1.10245e-10
3.31724e-11
1.04176e-11
3.62352e-12
1.64654e-12
1.31578e-12
2.00775e-12
4.54203e-12
1.30617e-11
4.70772e-11
2.20389e-10
2.7048e-09
0.000255724
0.0050307
0.0317799
0.0949554
0.163591
0.189972
0.192967
0.125445
1.15602e-13
1.15602e-13
1.15602e-13
1.15602e-13

1.15602e-13
1.15602e-13
1.15602e-13
1.15602e-13
1.15602e-13
0.141814
0.121442
0.102985
0.0731671
0.0445203
0.0237765
0.0113897
0.00498511
0.00202449
0.00077249
0.000279791
9.69881e-05
3.23933e-05
1.04815e-05
3.30061e-06
1.01534e-06
3.0611e-07
9.07001e-08
2.64783e-08
7.6338e-09
2.17858e-09
6.17015e-10
1.73967e-10
4.90515e-11
1.39437e-11
4.07783e-12
1.31578e-12
6.02794e-13
6.06105e-13
1.21571e-12
3.42427e-12
1.23159e-11
5.80017e-11
7.38601e-10
0.000868391
0.0120944
0.0543481
0.128096
0.185882
0.192949
0.198204
1.15602e-13
1.15602e-13
1.15602e-13
1.15602e-13
1.15602e-13

1.15602e-13
1.15602e-13
1.15602e-13
1.15602e-13
1.15602e-13
0.121204
0.134388
0.125933
0.0979823
0.0650205
0.0375474
0.0192461
0.0089166
0.0037942
0.00150345
0.000561158
0.000199159
6.77273e-05
2.22077e-05
7.05764e-06
2.18317e-06
6.59694e-07
1.95316e-07
5.68063e-08
1.62668e-08
4.59551e-09
1.28321e-09
3.54812e-10
9.73437e-11
2.65691e-11
7.24997e-12
2.00775e-12
6.06105e-13
2.80025e-13
3.49042e-13
8.9745e-13
3.19416e-12
1.50972e-11
0.000130375
0.00505594
0.0304874
0.0916427
0.166622
0.201997
0.181129
0.138912
1.15602e-13
1.15602e-13
1.15602e-13
1.15602e-13
1.15602e-13

1.15602e-13
1.15602e-13
1.15602e-13
1.15602e-13
1.15602e-13
0.136504
0.16815
0.150528
0.126501
0.0917227
0.0576972
0.0319738
0.0158995
0.00720061
0.00300964
0.00117487
0.000432788
0.000151756
5.10201e-05
1.65445e-05
5.20036e-06
1.59099e-06
4.75392e-07
1.3914e-07
3.99889e-08
1.13095e-08
3.1533e-09
8.68211e-10
2.36416e-10
6.37612e-11
1.70606e-11
4.54203e-12
1.21571e-12
3.49042e-13
1.61598e-13
2.48885e-13
8.25491e-13
2.14335e-05
0.00259365
0.0191698
0.0664945
0.140904
0.200396
0.21172
0.20719
0.144661
1.15602e-13
1.15602e-13
1.15602e-13
1.15602e-13
1.15602e-13

1.15602e-13
1.15602e-13
1.15602e-13
1.15602e-13
1.15602e-13
1.15602e-13
0.156117
0.154358
0.146143
0.117252
0.0815094
0.0498213
0.0271898
0.0134412
0.00608317
0.00254582
0.00099508
0.000366684
0.000128457
4.30898e-05
1.39243e-05
4.35677e-06
1.32552e-06
3.93538e-07
1.14359e-07
3.26087e-08
9.14369e-09
2.52605e-09
6.88646e-10
1.85525e-10
4.94557e-11
1.30617e-11
3.42427e-12
8.9745e-13
2.48885e-13
1.15602e-13
2.23426e-13
0.00126322
0.0129933
0.0519315
0.119821
0.186215
0.212137
0.188491
0.168292
1.15602e-13
1.15602e-13
1.15602e-13
1.15602e-13
1.15602e-13
1.15602e-13

1.15602e-13
1.15602e-13
1.15602e-13
1.15602e-13
1.15602e-13
1.15602e-13
0.143204
0.147416
0.150385
0.135911
0.10713
0.0738081
0.0452822
0.0250118
0.0125755
0.00579265
0.00246239
0.000974586
0.000362488
0.0001278
4.30354e-05
1.39309e-05
4.35852e-06
1.32396e-06
3.9195e-07
1.13445e-07
3.21887e-08
8.97373e-09
2.46286e-09
6.66542e-10
1.78142e-10
4.70772e-11
1.23159e-11
3.19416e-12
8.25491e-13
2.23426e-13
0.000754785
0.00942905
0.0422641
0.104518
0.17019
0.205864
0.201155
0.168857
0.141737
1.15602e-13
1.15602e-13
1.15602e-13
1.15602e-13
1.15602e-13
1.15602e-13

1.15602e-13
1.15602e-13
1.15602e-13
1.15602e-13
1.15602e-13
1.15602e-13
1.15602e-13
0.156877
0.147517
0.156253
0.136603
0.105474
0.0729034
0.0454996
0.0257209
0.0131964
0.00621904
0.00271041
0.00109938
0.000418106
0.00015026
5.1409e-05
1.68557e-05
5.32656e-06
1.63022e-06
4.85204e-07
1.40922e-07
4.00571e-08
1.11711e-08
3.06302e-09
8.27222e-10
2.20389e-10
5.80017e-11
1.50972e-11
2.14335e-05
0.00126322
0.00942905
0.0382352
0.0952759
0.16165
0.200366
0.205555
0.187223
0.183092
1.15602e-13
1.15602e-13
1.15602e-13
1.15602e-13
1.15602e-13
1.15602e-13
1.15602e-13

1.15602e-13
1.15602e-13
1.15602e-13
1.15602e-13
1.15602e-13
1.15602e-13
1.15602e-13
1.15602e-13
0.178993
0.192917
0.163591
0.138637
0.107879
0.0761986
0.0485911
0.0281731
0.0149986
0.00734038
0.00330535
0.00142939
0.000599991
0.000242285
9.32798e-05
3.41369e-05
1.18957e-05
3.96318e-06
1.26843e-06
3.91823e-07
1.1732e-07
3.41771e-08
9.71826e-09
2.7048e-09
7.38601e-10
0.000130375
0.00259365
0.0129933
0.0422641
0.0952759
0.160712
0.207955
0.216726
0.230288
0.207467
1.15602e-13
1.15602e-13
1.15602e-13
1.15602e-13
1.15602e-13
1.15602e-13
1.15602e-13
1.15602e-13

1.15602e-13
1.15602e-13
1.15602e-13
1.15602e-13
1.15602e-13
1.15602e-13
1.15602e-13
1.15602e-13
1.15602e-13
0.167116
0.160464
0.157026
0.140433
0.11223
0.08185
0.0543112
0.032746
0.0180005
0.00956617
0.00502483
0.00254965
0.00121175
0.000531827
0.000215755
8.15431e-05
2.89859e-05
9.7784e-06
3.15508e-06
9.80029e-07
2.94636e-07
8.61129e-08
0.000255724
0.000868391
0.00505594
0.0191698
0.0519315
0.104518
0.16165
0.207955
0.218788
0.190734
0.176039
1.15602e-13
1.15602e-13
1.15602e-13
1.15602e-13
1.15602e-13
1.15602e-13
1.15602e-13
1.15602e-13
1.15602e-13

1.15602e-13
1.15602e-13
1.15602e-13
1.15602e-13
1.15602e-13
1.15602e-13
1.15602e-13
1.15602e-13
1.15602e-13
0.141588
0.142363
0.153043
0.161821
0.145937
0.121697
0.0910734
0.0620657
0.0403794
0.0259613
0.015988
0.00922782
0.00510554
0.00282779
0.00168546
0.00116455
0.000946883
0.000862611
0.000832043
0.000821549
0.000818111
0.00212085
0.0050307
0.0120944
0.0304874
0.0664945
0.119821
0.17019
0.200366
0.216726
0.190734
0.1538
0.140973
1.15602e-13
1.15602e-13
1.15602e-13
1.15602e-13
1.15602e-13
1.15602e-13
1.15602e-13
1.15602e-13
1.15602e-13

1.15602e-13
1.15602e-13
1.15602e-13
1.15602e-13
1.15602e-13
1.15602e-13
1.15602e-13
1.15602e-13
1.15602e-13
1.15602e-13
0.138082
0.154191
0.186149
0.169257
0.154858
0.129685
0.103883
0.0804554
0.0584552
0.0403343
0.0269819
0.0183218
0.0132139
0.0104714
0.00913221
0.00853473
0.00828901
0.00819488
0.00816094
0.0110081
0.0190737
0.0317799
0.0543481
0.0916427
0.140904
0.186215
0.205864
0.205555
0.230288
0.176039
0.140973
1.15602e-13
1.15602e-13
1.15602e-13
1.15602e-13
1.15602e-13
1.15602e-13
1.15602e-13
1.15602e-13
1.15602e-13
1.15602e-13

1.15602e-13
1.15602e-13
1.15602e-13
1.15602e-13
1.15602e-13
1.15602e-13
1.15602e-13
1.15602e-13
1.15602e-13
1.15602e-13
1.15602e-13
1.15602e-13
0.188136
0.167895
0.165733
0.159125
0.150461
0.12821
0.101891
0.0805628
0.0640257
0.0519705
0.0439635
0.0392556
0.0367797
0.0355996
0.0350838
0.0348747
0.0384115
0.0513028
0.0706061
0.0949554
0.128096
0.166622
0.200396
0.212137
0.201155
0.187223
0.207467
1.15602e-13
1.15602e-13
1.15602e-13
1.15602e-13
1.15602e-13
1.15602e-13
1.15602e-13
1.15602e-13
1.15602e-13
1.15602e-13
1.15602e-13
1.15602e-13

1.15602e-13
1.15602e-13
1.15602e-13
1.15602e-13
1.15602e-13
1.15602e-13
1.15602e-13
1.15602e-13
1.15602e-13
1.15602e-13
1.15602e-13
1.15602e-13
1.15602e-13
0.170585
0.153006
0.165483
0.176503
0.156803
0.139869
0.129464
0.117315
0.105594
0.0961762
0.0899683
0.08643
0.0846267
0.0837895
0.0862896
0.0991263
0.121032
0.141945
0.163591
0.185882
0.201997
0.21172
0.188491
0.168857
0.183092
1.15602e-13
1.15602e-13
1.15602e-13
1.15602e-13
1.15602e-13
1.15602e-13
1.15602e-13
1.15602e-13
1.15602e-13
1.15602e-13
1.15602e-13
1.15602e-13
1.15602e-13

1.15602e-13
1.15602e-13
1.15602e-13
1.15602e-13
1.15602e-13
1.15602e-13
1.15602e-13
1.15602e-13
1.15602e-13
1.15602e-13
1.15602e-13
1.15602e-13
1.15602e-13
1.15602e-13
0.14956
0.163456
0.178184
0.150606
0.157782
0.165263
0.156962
0.148738
0.140089
0.133433
0.129265
0.126983
0.127162
0.134834
0.153415
0.171607
0.178133
0.189972
0.192949
0.181129
0.20719
0.168292
0.141737
1.15602e-13
1.15602e-13
1.15602e-13
1.15602e-13
1.15602e-13
1.15602e-13
1.15602e-13
1.15602e-13
1.15602e-13
1.15602e-13
1.15602e-13
1.15602e-13
1.15602e-13
1.15602e-13

1.15602e-13
1.15602e-13
1.15602e-13
1.15602e-13
1.15602e-13
1.15602e-13
1.15602e-13
1.15602e-13
1.15602e-13
1.15602e-13
1.15602e-13
1.15602e-13
1.15602e-13
1.15602e-13
1.15602e-13
1.15602e-13
0.141972
0.132223
0.177452
0.176656
0.150764
0.151022
0.145445
0.139284
0.134945
0.132652
0.134263
0.144707
0.162026
0.168307
0.156671
0.192967
0.198204
0.138912
0.144661
1.15602e-13
1.15602e-13
1.15602e-13
1.15602e-13
1.15602e-13
1.15602e-13
1.15602e-13
1.15602e-13
1.15602e-13
1.15602e-13
1.15602e-13
1.15602e-13
1.15602e-13
1.15602e-13
1.15602e-13
1.15602e-13

1.15602e-13
1.15602e-13
1.15602e-13
1.15602e-13
1.15602e-13
1.15602e-13
1.15602e-13
1.15602e-13
1.15602e-13
1.15602e-13
1.15602e-13
1.15602e-13
1.15602e-13
1.15602e-13
1.15602e-13
1.15602e-13
1.15602e-13
1.15602e-13
1.15602e-13
0.139523
0.122677
0.138674
0.137336
0.131872
0.127577
0.125453
0.128019
0.13897
0.152922
0.149399
0.114163
0.125445
1.15602e-13
1.15602e-13
1.15602e-13
1.15602e-13
1.15602e-13
1.15602e-13
1.15602e-13
1.15602e-13
1.15602e-13
1.15602e-13
1.15602e-13
1.15602e-13
1.15602e-13
1.15602e-13
1.15602e-13
1.15602e-13
1.15602e-13
1.15602e-13
1.15602e-13

1.15602e-13
1.15602e-13
1.15602e-13
1.15602e-13
1.15602e-13
1.15602e-13
1.15602e-13
1.15602e-13
1.15602e-13
1.15602e-13
1.15602e-13
1.15602e-13
1.15602e-13
1.15602e-13
1.15602e-13
1.15602e-13
1.15602e-13
1.15602e-13
1.15602e-13
1.15602e-13
1.15602e-13
1.15602e-13
1.15602e-13
1.15602e-13
1.15602e-13
1.15602e-13
1.15602e-13
1.15602e-13
1.15602e-13
1.15602e-13
1.15602e-13
1.15602e-13
1.15602e-13
1.15602e-13
1.15602e-13
1.15602e-13
1.15602e-13
1.15602e-13
1.15602e-13
1.15602e-13
1.15602e-13
1.15602e-13
1.15602e-13
1.15602e-13
1.15602e-13
1.15602e-13
1.15602e-13
1.15602e-13
1.15602e-13
1.15602e-13
1.15602e-13

1.15602e-13
1.15602e-13
1.15602e-13
1.15602e-13
1.15602e-13
1.15602e-13
1.15602e-13
1.15602e-13
1.15602e-13
1.15602e-13
1.15602e-13
1.15602e-13
1.15602e-13
1.15602e-13
1.15602e-13
1.15602e-13
1.15602e-13
1.15602e-13
1.15602e-13
1.15602e-13
1.15602e-13
1.15602e-13
1.15602e-13
1.15602e-13
1.15602e-13
1.15602e-13
1.15602e-13
1.15602e-13
1.15602e-13
1.15602e-13
1.15602e-13
1.15602e-13
1.15602e-13
1.15602e-13
1.15602e-13
1.15602e-13
1.15602e-13
1.15602e-13
1.15602e-13
1.15602e-13
1.15602e-13
1.15602e-13
1.15602e-13
1.15602e-13
1.15602e-13
1.15602e-13
1.15602e-13
1.15602e-13
1.15602e-13
1.15602e-13
1.15602e-13

1.15602e-13
1.15602e-13
1.15602e-13
1.15602e-13
1.15602e-13
1.15602e-13
1.15602e-13
1.15602e-13
1.15602e-13
1.15602e-13
1.15602e-13
1.15602e-13
1.15602e-13
1.15602e-13
1.15602e-13
1.15602e-13
1.15602e-13
1.15602e-13
1.15602e-13
1.15602e-13
1.15602e-13
1.15602e-13
1.15602e-13
1.15602e-13
1.15602e-13
1.15602e-13
1.15602e-13
1.15602e-13
1.15602e-13
1.15602e-13
1.15602e-13
1.15602e-13
1.15602e-13
1.15602e-13
1.15602e-13
1.15602e-13
1.15602e-13
1.15602e-13
1.15602e-13
1.15602e-13
1.15602e-13
1.15602e-13
1.15602e-13
1.15602e-13
1.15602e-13
1.15602e-13
1.15602e-13
1.15602e-13
1.15602e-13
1.15602e-13
1.15602e-13

1.15602e-13
1.15602e-13
1.15602e-13
1.15602e-13
1.15602e-13
1.15602e-13
1.15602e-13
1.15602e-13
1.15602e-13
1.15602e-13
1.15602e-13
1.15602e-13
1.15602e-13
1.15602e-13
1.15602e-13
1.15602e-13
1.15602e-13
1.15602e-13
1.15602e-13
1.15602e-13
1.15602e-13
1.15602e-13
1.15602e-13
1.15602e-13
1.15602e-13
1.15602e-13
1.15602e-13
1.15602e-13
1.15602e-13
1.15602e-13
1.15602e-13
1.15602e-13
1.15602e-13
1.15602e-13
1.15602e-13
1.15602e-13
1.15602e-13
1.15602e-13
1.15602e-13
1.15602e-13
1.15602e-13
1.15602e-13
1.15602e-13
1.15602e-13
1.15602e-13
1.15602e-13
1.15602e-13
1.15602e-13
1.15602e-13
1.15602e-13
1.15602e-13

