2.041e-07
2.041e-07
2.041e-07
2.041e-07
2.041e-07
2.041e-07
2.041e-07
2.041e-07
2.041e-07
2.041e-07
2.041e-07
2.041e-07
2.041e-07
2.041e-07
2.041e-07
2.041e-07
2.041e-07
2.041e-07
2.041e-07
2.041e-07
2.041e-07
2.041e-07
2.041e-07
2.041e-07
2.041e-07
2.041e-07
2.041e-07
2.041e-07
2.041e-07
2.041e-07
2.041e-07
2.041e-07
2.041e-07
2.041e-07
2.041e-07
2.041e-07
2.041e-07
2.041e-07
2.041e-07
2.041e-07
2.041e-07
2.041e-07
2.041e-07
2.041e-07
2.041e-07
2.041e-07
2.041e-07
2.041e-07
2.041e-07
2.041e-07
2.041e-07

2.041e-07
2.041e-07
2.041e-07
2.041e-07
2.041e-07
2.041e-07
2.041e-07
2.041e-07
2.041e-07
2.041e-07
2.041e-07
2.041e-07
2.041e-07
2.041e-07
2.041e-07
2.041e-07
2.041e-07
2.041e-07
2.041e-07
2.041e-07
2.041e-07
2.041e-07
2.041e-07
2.041e-07
2.041e-07
2.041e-07
2.041e-07
2.041e-07
2.041e-07
2.041e-07
2.041e-07
2.041e-07
2.041e-07
2.041e-07
2.041e-07
2.041e-07
2.041e-07
2.041e-07
2.041e-07
2.041e-07
2.041e-07
2.041e-07
2.041e-07
2.041e-07
2.041e-07
2.041e-07
2.041e-07
2.041e-07
2.041e-07
2.041e-07
2.041e-07

2.041e-07
2.041e-07
2.041e-07
2.041e-07
2.041e-07
2.041e-07
2.041e-07
2.041e-07
2.041e-07
2.041e-07
2.041e-07
2.041e-07
2.041e-07
2.041e-07
2.041e-07
2.041e-07
2.041e-07
2.041e-07
2.041e-07
2.041e-07
2.041e-07
2.041e-07
2.041e-07
2.041e-07
2.041e-07
2.041e-07
2.041e-07
2.041e-07
2.041e-07
2.041e-07
2.041e-07
2.041e-07
2.041e-07
2.041e-07
2.041e-07
2.041e-07
2.041e-07
2.041e-07
2.041e-07
2.041e-07
2.041e-07
2.041e-07
2.041e-07
2.041e-07
2.041e-07
2.041e-07
2.041e-07
2.041e-07
2.041e-07
2.041e-07
2.041e-07

2.041e-07
2.041e-07
2.041e-07
2.041e-07
2.041e-07
2.041e-07
2.041e-07
2.041e-07
2.041e-07
2.041e-07
2.041e-07
2.041e-07
2.041e-07
2.041e-07
2.041e-07
2.041e-07
2.041e-07
2.041e-07
2.041e-07
2.041e-07
2.041e-07
2.041e-07
2.041e-07
2.041e-07
2.041e-07
2.041e-07
2.041e-07
2.041e-07
2.041e-07
2.041e-07
2.041e-07
2.041e-07
2.041e-07
2.041e-07
2.041e-07
2.041e-07
2.041e-07
2.041e-07
2.041e-07
2.041e-07
2.041e-07
2.041e-07
2.041e-07
2.041e-07
2.041e-07
2.041e-07
2.041e-07
2.041e-07
2.041e-07
2.041e-07
2.041e-07

2.041e-07
2.041e-07
2.041e-07
2.041e-07
2.041e-07
2.041e-07
2.041e-07
2.041e-07
2.041e-07
2.041e-07
2.041e-07
2.041e-07
2.041e-07
2.041e-07
2.041e-07
2.041e-07
2.041e-07
2.041e-07
2.041e-07
0.599091
0.547024
0.561585
0.546771
0.525679
0.512867
0.517063
0.540202
0.575818
0.61106
0.632509
0.622507
0.679318
2.041e-07
2.041e-07
2.041e-07
2.041e-07
2.041e-07
2.041e-07
2.041e-07
2.041e-07
2.041e-07
2.041e-07
2.041e-07
2.041e-07
2.041e-07
2.041e-07
2.041e-07
2.041e-07
2.041e-07
2.041e-07
2.041e-07

2.041e-07
2.041e-07
2.041e-07
2.041e-07
2.041e-07
2.041e-07
2.041e-07
2.041e-07
2.041e-07
2.041e-07
2.041e-07
2.041e-07
2.041e-07
2.041e-07
2.041e-07
2.041e-07
0.656497
0.625905
0.687718
0.674698
0.577449
0.546739
0.521355
0.49877
0.486235
0.489992
0.51145
0.545783
0.584765
0.624871
0.679014
0.811584
0.849287
0.783804
0.821142
2.041e-07
2.041e-07
2.041e-07
2.041e-07
2.041e-07
2.041e-07
2.041e-07
2.041e-07
2.041e-07
2.041e-07
2.041e-07
2.041e-07
2.041e-07
2.041e-07
2.041e-07
2.041e-07

2.041e-07
2.041e-07
2.041e-07
2.041e-07
2.041e-07
2.041e-07
2.041e-07
2.041e-07
2.041e-07
2.041e-07
2.041e-07
2.041e-07
2.041e-07
2.041e-07
0.682638
0.685616
0.723182
0.651694
0.630503
0.605762
0.553608
0.512194
0.478657
0.453195
0.439598
0.441687
0.460672
0.49418
0.538246
0.591671
0.658248
0.739653
0.795417
0.841889
0.939814
0.883762
0.853082
2.041e-07
2.041e-07
2.041e-07
2.041e-07
2.041e-07
2.041e-07
2.041e-07
2.041e-07
2.041e-07
2.041e-07
2.041e-07
2.041e-07
2.041e-07
2.041e-07

2.041e-07
2.041e-07
2.041e-07
2.041e-07
2.041e-07
2.041e-07
2.041e-07
2.041e-07
2.041e-07
2.041e-07
2.041e-07
2.041e-07
2.041e-07
0.755836
0.701266
0.675805
0.669872
0.624473
0.579631
0.5352
0.486541
0.442866
0.40703
0.38079
0.366543
0.366644
0.382215
0.412597
0.45628
0.512679
0.582216
0.662487
0.742776
0.819009
0.880537
0.883248
0.905658
0.976261
2.041e-07
2.041e-07
2.041e-07
2.041e-07
2.041e-07
2.041e-07
2.041e-07
2.041e-07
2.041e-07
2.041e-07
2.041e-07
2.041e-07
2.041e-07

2.041e-07
2.041e-07
2.041e-07
2.041e-07
2.041e-07
2.041e-07
2.041e-07
2.041e-07
2.041e-07
2.041e-07
2.041e-07
2.041e-07
0.811661
0.753291
0.705333
0.6588
0.613471
0.557938
0.501539
0.448227
0.39866
0.355676
0.32109
0.296149
0.28218
0.280542
0.292187
0.317387
0.356095
0.408681
0.475851
0.556837
0.646967
0.738268
0.818446
0.878222
0.937544
1.00559
1.08689
2.041e-07
2.041e-07
2.041e-07
2.041e-07
2.041e-07
2.041e-07
2.041e-07
2.041e-07
2.041e-07
2.041e-07
2.041e-07
2.041e-07

2.041e-07
2.041e-07
2.041e-07
2.041e-07
2.041e-07
2.041e-07
2.041e-07
2.041e-07
2.041e-07
2.041e-07
0.705041
0.744478
0.829171
0.736249
0.666901
0.601142
0.53631
0.471468
0.410229
0.355257
0.307553
0.267939
0.236905
0.214777
0.201992
0.19918
0.207028
0.226179
0.257384
0.301857
0.361209
0.4363
0.525308
0.622763
0.720996
0.815642
0.910364
1.00948
1.12819
0.990382
0.90247
2.041e-07
2.041e-07
2.041e-07
2.041e-07
2.041e-07
2.041e-07
2.041e-07
2.041e-07
2.041e-07
2.041e-07

2.041e-07
2.041e-07
2.041e-07
2.041e-07
2.041e-07
2.041e-07
2.041e-07
2.041e-07
2.041e-07
0.705041
0.703058
0.708885
0.721748
0.666592
0.594503
0.519551
0.447097
0.379755
0.319724
0.268244
0.225516
0.191286
0.165128
0.146653
0.135684
0.132341
0.137033
0.150433
0.173582
0.208105
0.256182
0.319814
0.399488
0.493343
0.597893
0.709605
0.823678
0.927615
0.993029
0.95644
0.925044
0.913303
2.041e-07
2.041e-07
2.041e-07
2.041e-07
2.041e-07
2.041e-07
2.041e-07
2.041e-07
2.041e-07

2.041e-07
2.041e-07
2.041e-07
2.041e-07
2.041e-07
2.041e-07
2.041e-07
2.041e-07
2.041e-07
0.744478
0.708885
0.690974
0.652115
0.585663
0.507867
0.429898
0.357617
0.29373
0.239342
0.194512
0.158606
0.130694
0.109829
0.0952186
0.0863445
0.083023
0.0854245
0.0940912
0.110028
0.13486
0.17087
0.22062
0.286214
0.368706
0.468001
0.582329
0.705723
0.824178
0.915017
0.956044
0.961971
0.99092
2.041e-07
2.041e-07
2.041e-07
2.041e-07
2.041e-07
2.041e-07
2.041e-07
2.041e-07
2.041e-07

2.041e-07
2.041e-07
2.041e-07
2.041e-07
2.041e-07
2.041e-07
2.041e-07
2.041e-07
0.811661
0.829171
0.721748
0.652115
0.580169
0.500435
0.419334
0.343374
0.276349
0.219686
0.173346
0.136483
0.107872
0.0862198
0.0703571
0.059345
0.0525353
0.0495997
0.0505448
0.0557384
0.0659886
0.0826762
0.107844
0.1441
0.194317
0.261319
0.347478
0.453587
0.576446
0.706345
0.827941
0.928883
1.01879
1.15693
1.13234
2.041e-07
2.041e-07
2.041e-07
2.041e-07
2.041e-07
2.041e-07
2.041e-07
2.041e-07

2.041e-07
2.041e-07
2.041e-07
2.041e-07
2.041e-07
2.041e-07
2.041e-07
0.755836
0.753291
0.736249
0.666592
0.585663
0.500435
0.415594
0.33632
0.266413
0.207587
0.159859
0.122237
0.0932797
0.071454
0.0553477
0.0437743
0.0358145
0.0308276
0.0284495
0.0285947
0.0314763
0.037669
0.0482191
0.0647654
0.0896041
0.125683
0.176528
0.245947
0.337042
0.450249
0.581054
0.719377
0.852399
0.969136
1.05766
1.06815
1.05838
2.041e-07
2.041e-07
2.041e-07
2.041e-07
2.041e-07
2.041e-07
2.041e-07

2.041e-07
2.041e-07
2.041e-07
2.041e-07
2.041e-07
2.041e-07
0.682638
0.701266
0.705333
0.666901
0.594503
0.507867
0.419334
0.33632
0.263171
0.201829
0.152389
0.113781
0.08438
0.0624477
0.0463753
0.0348015
0.0266445
0.021094
0.0175876
0.0157885
0.0155743
0.0170463
0.0205749
0.026886
0.0371846
0.0532938
0.0778009
0.114176
0.166707
0.239936
0.337298
0.459103
0.600571
0.750475
0.890254
0.993876
1.03192
1.00098
0.946552
2.041e-07
2.041e-07
2.041e-07
2.041e-07
2.041e-07
2.041e-07

2.041e-07
2.041e-07
2.041e-07
2.041e-07
2.041e-07
2.041e-07
0.685616
0.675805
0.6588
0.601142
0.519551
0.429898
0.343374
0.266413
0.201829
0.149997
0.109839
0.0795815
0.0572847
0.0411458
0.0296393
0.0215523
0.0159648
0.0122095
0.00982848
0.00854051
0.00822098
0.00890271
0.010804
0.0143929
0.0204935
0.0304389
0.0462734
0.0709798
0.108633
0.164274
0.243245
0.349701
0.484022
0.638984
0.796098
0.926078
0.997416
0.992184
0.97122
2.041e-07
2.041e-07
2.041e-07
2.041e-07
2.041e-07
2.041e-07

2.041e-07
2.041e-07
2.041e-07
2.041e-07
2.041e-07
0.656497
0.723182
0.669872
0.613471
0.53631
0.447097
0.357617
0.276349
0.207587
0.152389
0.109839
0.0780644
0.0549245
0.0384029
0.0267905
0.0187325
0.0132058
0.00946528
0.00698666
0.00541647
0.00453483
0.00423306
0.00450807
0.00547784
0.00742506
0.0108791
0.01675
0.0265287
0.0425505
0.0682888
0.108583
0.169584
0.257902
0.378068
0.52785
0.69324
0.847767
0.961251
1.02035
1.06365
0.939239
2.041e-07
2.041e-07
2.041e-07
2.041e-07
2.041e-07

2.041e-07
2.041e-07
2.041e-07
2.041e-07
2.041e-07
0.625905
0.651694
0.624473
0.557938
0.471468
0.379755
0.29373
0.219686
0.159859
0.113781
0.0795815
0.0549245
0.0375468
0.0255151
0.017299
0.0117496
0.00803622
0.00557643
0.00397249
0.00296142
0.00237944
0.00213995
0.00222512
0.00269275
0.00370361
0.00557914
0.00890488
0.014699
0.024665
0.0415435
0.0695556
0.114779
0.184889
0.287239
0.424558
0.589207
0.75932
0.901973
0.985917
0.992532
0.916425
2.041e-07
2.041e-07
2.041e-07
2.041e-07
2.041e-07

2.041e-07
2.041e-07
2.041e-07
2.041e-07
2.041e-07
0.687718
0.630503
0.579631
0.501539
0.410229
0.319724
0.239342
0.173346
0.122237
0.08438
0.0572847
0.0384029
0.0255151
0.0168581
0.0111135
0.00733683
0.00487229
0.00327595
0.00225352
0.00161463
0.00124142
0.001069
0.00107644
0.00128853
0.00179162
0.00277108
0.00458423
0.00788907
0.0138594
0.0245332
0.0433387
0.0757134
0.129374
0.213355
0.334785
0.492857
0.671716
0.83874
0.956663
1.00985
1.06205
2.041e-07
2.041e-07
2.041e-07
2.041e-07
2.041e-07

2.041e-07
2.041e-07
2.041e-07
2.041e-07
0.599091
0.674698
0.605762
0.5352
0.448227
0.355257
0.268244
0.194512
0.136483
0.0932797
0.0624477
0.0411458
0.0267905
0.017299
0.0111135
0.00712544
0.00457411
0.00295135
0.00192454
0.00127968
0.00088162
0.000647612
0.000531079
0.000513325
0.000602707
0.000842972
0.00133603
0.00228978
0.00410951
0.00756668
0.0141042
0.0263518
0.0488524
0.0887806
0.156016
0.261182
0.409616
0.591533
0.776022
0.921598
1.00649
1.06852
0.901218
2.041e-07
2.041e-07
2.041e-07
2.041e-07

2.041e-07
2.041e-07
2.041e-07
2.041e-07
0.547024
0.577449
0.553608
0.486541
0.39866
0.307553
0.225516
0.158606
0.107872
0.071454
0.0463753
0.0296393
0.0187325
0.0117496
0.00733683
0.00457411
0.00285546
0.00179084
0.00113348
0.000729381
0.000483729
0.00033942
0.000264017
0.000242782
0.000276795
0.000386878
0.000626571
0.00111169
0.00208153
0.00402261
0.00791348
0.0156792
0.0309458
0.0601091
0.113314
0.203624
0.341098
0.520825
0.713034
0.869818
0.950226
0.938001
0.840113
2.041e-07
2.041e-07
2.041e-07
2.041e-07

2.041e-07
2.041e-07
2.041e-07
2.041e-07
0.561585
0.546739
0.512194
0.442866
0.355676
0.267939
0.191286
0.130694
0.0862198
0.0553477
0.0348015
0.0215523
0.0132058
0.00803622
0.00487229
0.00295135
0.00179084
0.00109163
0.000670932
0.000418253
0.00026743
0.000179424
0.000132095
0.000114621
0.000125428
0.000173711
0.000286393
0.000525474
0.00102695
0.00208627
0.0043419
0.00915313
0.0193413
0.0405082
0.0827074
0.16049
0.287173
0.461573
0.655755
0.820327
0.911985
0.923631
0.897606
2.041e-07
2.041e-07
2.041e-07
2.041e-07

2.041e-07
2.041e-07
2.041e-07
2.041e-07
0.546771
0.521355
0.478657
0.40703
0.32109
0.236905
0.165128
0.109829
0.0703571
0.0437743
0.0266445
0.0159648
0.00946528
0.00557643
0.00327595
0.00192454
0.00113348
0.000670932
0.000400329
0.000241897
0.000149326
9.59641e-05
6.68523e-05
5.43797e-05
5.63974e-05
7.65602e-05
0.000127833
0.000242199
0.000494258
0.00105719
0.00233378
0.00526235
0.0120275
0.0275391
0.0615821
0.129499
0.246707
0.414763
0.607768
0.776891
0.879027
0.908651
0.90154
2.041e-07
2.041e-07
2.041e-07
2.041e-07

2.041e-07
2.041e-07
2.041e-07
2.041e-07
0.525679
0.49877
0.453195
0.38079
0.296149
0.214777
0.146653
0.0952186
0.059345
0.0358145
0.021094
0.0122095
0.00698666
0.00397249
0.00225352
0.00127968
0.000729381
0.000418253
0.000241897
0.000141597
8.44465e-05
5.20762e-05
3.43718e-05
2.60995e-05
2.53256e-05
3.32482e-05
5.5834e-05
0.000109014
0.000232356
0.000524071
0.00123187
0.00300074
0.00754976
0.019245
0.0475699
0.108279
0.218167
0.380738
0.571686
0.742794
0.850712
0.888738
0.888076
2.041e-07
2.041e-07
2.041e-07
2.041e-07

2.041e-07
2.041e-07
2.041e-07
2.041e-07
0.512867
0.486235
0.439598
0.366543
0.28218
0.201992
0.135684
0.0863445
0.0525353
0.0308276
0.0175876
0.00982848
0.00541647
0.00296142
0.00161463
0.00088162
0.000483729
0.00026743
0.000149326
8.44465e-05
4.86001e-05
2.878e-05
1.80288e-05
1.27561e-05
1.14433e-05
1.42941e-05
2.3917e-05
4.79821e-05
0.00010681
0.000254494
0.000641701
0.00172081
0.00489355
0.0141462
0.0387667
0.0948698
0.200301
0.35987
0.550141
0.722993
0.834464
0.876612
0.878801
2.041e-07
2.041e-07
2.041e-07
2.041e-07

2.041e-07
2.041e-07
2.041e-07
2.041e-07
0.517063
0.489992
0.441687
0.366644
0.280542
0.19918
0.132341
0.083023
0.0495997
0.0284495
0.0157885
0.00854051
0.00453483
0.00237944
0.00124142
0.000647612
0.00033942
0.000179424
9.59641e-05
5.20762e-05
2.878e-05
1.63266e-05
9.70844e-06
6.39603e-06
5.24949e-06
6.12061e-06
1.00745e-05
2.06796e-05
4.80539e-05
0.000121372
0.000333452
0.00101797
0.00338518
0.0112392
0.0339396
0.0881767
0.192735
0.353134
0.545921
0.722267
0.837193
0.881846
0.88517
2.041e-07
2.041e-07
2.041e-07
2.041e-07

2.041e-07
2.041e-07
2.041e-07
2.041e-07
0.540202
0.51145
0.460672
0.382215
0.292187
0.207028
0.137033
0.0854245
0.0505448
0.0285947
0.0155743
0.00822098
0.00423306
0.00213995
0.001069
0.000531079
0.000264017
0.000132095
6.68523e-05
3.43718e-05
1.80288e-05
9.70844e-06
5.45e-06
3.33208e-06
2.47576e-06
2.6332e-06
4.18785e-06
8.73915e-06
2.1183e-05
5.71774e-05
0.000177206
0.000653511
0.00263688
0.010027
0.0326864
0.0882462
0.196333
0.362396
0.561697
0.74349
0.861372
0.906399
0.908807
2.041e-07
2.041e-07
2.041e-07
2.041e-07

2.041e-07
2.041e-07
2.041e-07
2.041e-07
0.575818
0.545783
0.49418
0.412597
0.317387
0.226179
0.150433
0.0940912
0.0557384
0.0314763
0.0170463
0.00890271
0.00450807
0.00222512
0.00107644
0.000513325
0.000242782
0.000114621
5.43797e-05
2.60995e-05
1.27561e-05
6.39603e-06
3.33208e-06
1.86478e-06
1.23211e-06
1.15705e-06
1.72832e-06
3.62759e-06
9.16717e-06
2.71979e-05
0.000105092
0.000516045
0.00253545
0.010561
0.0355233
0.0963479
0.213118
0.389843
0.598558
0.785225
0.902232
0.94247
0.940671
2.041e-07
2.041e-07
2.041e-07
2.041e-07

2.041e-07
2.041e-07
2.041e-07
2.041e-07
0.61106
0.584765
0.538246
0.45628
0.356095
0.257384
0.173582
0.110028
0.0659886
0.037669
0.0205749
0.010804
0.00547784
0.00269275
0.00128853
0.000602707
0.000276795
0.000125428
5.63974e-05
2.53256e-05
1.14433e-05
5.24949e-06
2.47576e-06
1.23211e-06
6.97608e-07
5.43756e-07
7.19394e-07
1.48419e-06
3.98821e-06
1.55809e-05
9.54897e-05
0.000619286
0.003279
0.0135203
0.0439358
0.114817
0.24565
0.436768
0.654645
0.841213
0.948916
0.974675
0.962684
2.041e-07
2.041e-07
2.041e-07
2.041e-07

2.041e-07
2.041e-07
2.041e-07
2.041e-07
0.632509
0.624871
0.591671
0.512679
0.408681
0.301857
0.208105
0.13486
0.0826762
0.0482191
0.026886
0.0143929
0.00742506
0.00370361
0.00179162
0.000842972
0.000386878
0.000173711
7.65602e-05
3.32482e-05
1.42941e-05
6.12061e-06
2.6332e-06
1.15705e-06
5.43756e-07
3.18828e-07
3.21642e-07
6.23773e-07
2.58121e-06
2.2018e-05
0.000184231
0.00116159
0.00551346
0.020382
0.0604508
0.146894
0.296671
0.503583
0.726806
0.905474
0.994581
0.993381
0.954121
2.041e-07
2.041e-07
2.041e-07
2.041e-07

2.041e-07
2.041e-07
2.041e-07
2.041e-07
0.622507
0.679014
0.658248
0.582216
0.475851
0.361209
0.256182
0.17087
0.107844
0.0647654
0.0371846
0.0204935
0.0108791
0.00557914
0.00277108
0.00133603
0.000626571
0.000286393
0.000127833
5.5834e-05
2.3917e-05
1.00745e-05
4.18785e-06
1.72832e-06
7.19394e-07
3.21642e-07
2.041e-07
6.70987e-07
8.18722e-06
7.92557e-05
0.000538529
0.00271125
0.010641
0.0338031
0.0890394
0.197122
0.369621
0.590921
0.813109
0.977548
1.04886
1.02204
0.889266
2.041e-07
2.041e-07
2.041e-07
2.041e-07

2.041e-07
2.041e-07
2.041e-07
2.041e-07
0.679318
0.811584
0.739653
0.662487
0.556837
0.4363
0.319814
0.22062
0.1441
0.0896041
0.0532938
0.0304389
0.01675
0.00890488
0.00458423
0.00228978
0.00111169
0.000525474
0.000242199
0.000109014
4.79821e-05
2.06796e-05
8.73915e-06
3.62759e-06
1.48419e-06
6.23773e-07
6.70987e-07
5.69754e-06
5.08022e-05
0.000334576
0.00167372
0.00661668
0.0214259
0.0583606
0.13576
0.271459
0.467919
0.698111
0.909576
1.05376
1.12386
1.18074
0.944228
2.041e-07
2.041e-07
2.041e-07
2.041e-07

2.041e-07
2.041e-07
2.041e-07
2.041e-07
2.041e-07
0.849287
0.795417
0.742776
0.646967
0.525308
0.399488
0.286214
0.194317
0.125683
0.0778009
0.0462734
0.0265287
0.014699
0.00788907
0.00410951
0.00208153
0.00102695
0.000494258
0.000232356
0.00010681
4.80539e-05
2.1183e-05
9.16717e-06
3.98821e-06
2.58121e-06
8.18722e-06
5.08022e-05
0.000283274
0.00130375
0.00495098
0.0157599
0.042869
0.101102
0.20818
0.374984
0.591386
0.819284
1.00538
1.11111
1.14088
1.17554
2.041e-07
2.041e-07
2.041e-07
2.041e-07
2.041e-07

2.041e-07
2.041e-07
2.041e-07
2.041e-07
2.041e-07
0.783804
0.841889
0.819009
0.738268
0.622763
0.493343
0.368706
0.261319
0.176528
0.114176
0.0709798
0.0425505
0.024665
0.0138594
0.00756668
0.00402261
0.00208627
0.00105719
0.000524071
0.000254494
0.000121372
5.71774e-05
2.71979e-05
1.55809e-05
2.2018e-05
7.92557e-05
0.000334576
0.00130375
0.00448481
0.0134882
0.0355644
0.0827586
0.170725
0.312563
0.507758
0.732643
0.942651
1.09095
1.1527
1.12772
1.00877
2.041e-07
2.041e-07
2.041e-07
2.041e-07
2.041e-07

2.041e-07
2.041e-07
2.041e-07
2.041e-07
2.041e-07
0.821142
0.939814
0.880537
0.818446
0.720996
0.597893
0.468001
0.347478
0.245947
0.166707
0.108633
0.0682888
0.0415435
0.0245332
0.0141042
0.00791348
0.0043419
0.00233378
0.00123187
0.000641701
0.000333452
0.000177206
0.000105092
9.54897e-05
0.000184231
0.000538529
0.00167372
0.00495098
0.0134882
0.0333916
0.0747531
0.151083
0.275116
0.450367
0.662424
0.877322
1.0516
1.15262
1.18398
1.21573
1.02604
2.041e-07
2.041e-07
2.041e-07
2.041e-07
2.041e-07

2.041e-07
2.041e-07
2.041e-07
2.041e-07
2.041e-07
2.041e-07
0.883762
0.883248
0.878222
0.815642
0.709605
0.582329
0.453587
0.337042
0.239936
0.164274
0.108583
0.0695556
0.0433387
0.0263518
0.0156792
0.00915313
0.00526235
0.00300074
0.00172081
0.00101797
0.000653511
0.000516045
0.000619286
0.00116159
0.00271125
0.00661668
0.0157599
0.0355644
0.0747531
0.144948
0.257701
0.417941
0.616207
0.826094
1.01078
1.13462
1.17451
1.13334
1.08938
2.041e-07
2.041e-07
2.041e-07
2.041e-07
2.041e-07
2.041e-07

2.041e-07
2.041e-07
2.041e-07
2.041e-07
2.041e-07
2.041e-07
0.853082
0.905658
0.937544
0.910364
0.823678
0.705723
0.576446
0.450249
0.337298
0.243245
0.169584
0.114779
0.0757134
0.0488524
0.0309458
0.0193413
0.0120275
0.00754976
0.00489355
0.00338518
0.00263688
0.00253545
0.003279
0.00551346
0.010641
0.0214259
0.042869
0.0827586
0.151083
0.257701
0.407629
0.594494
0.796809
0.983354
1.12552
1.20298
1.19837
1.13084
1.02909
2.041e-07
2.041e-07
2.041e-07
2.041e-07
2.041e-07
2.041e-07

2.041e-07
2.041e-07
2.041e-07
2.041e-07
2.041e-07
2.041e-07
2.041e-07
0.976261
1.00559
1.00948
0.927615
0.824178
0.706345
0.581054
0.459103
0.349701
0.257902
0.184889
0.129374
0.0887806
0.0601091
0.0405082
0.0275391
0.019245
0.0141462
0.0112392
0.010027
0.010561
0.0135203
0.020382
0.0338031
0.0583606
0.101102
0.170725
0.275116
0.417941
0.594494
0.78777
0.969837
1.11453
1.21496
1.27712
1.24679
1.18891
2.041e-07
2.041e-07
2.041e-07
2.041e-07
2.041e-07
2.041e-07
2.041e-07

2.041e-07
2.041e-07
2.041e-07
2.041e-07
2.041e-07
2.041e-07
2.041e-07
2.041e-07
1.08689
1.12819
0.993029
0.915017
0.827941
0.719377
0.600571
0.484022
0.378068
0.287239
0.213355
0.156016
0.113314
0.0827074
0.0615821
0.0475699
0.0387667
0.0339396
0.0326864
0.0355233
0.0439358
0.0604508
0.0890394
0.13576
0.20818
0.312563
0.450367
0.616207
0.796809
0.969837
1.10699
1.19157
1.25365
1.3903
1.32271
2.041e-07
2.041e-07
2.041e-07
2.041e-07
2.041e-07
2.041e-07
2.041e-07
2.041e-07

2.041e-07
2.041e-07
2.041e-07
2.041e-07
2.041e-07
2.041e-07
2.041e-07
2.041e-07
2.041e-07
0.990382
0.95644
0.956044
0.928883
0.852399
0.750475
0.638984
0.52785
0.424558
0.334785
0.261182
0.203624
0.16049
0.129499
0.108279
0.0948698
0.0881767
0.0882462
0.0963479
0.114817
0.146894
0.197122
0.271459
0.374984
0.507758
0.662424
0.826094
0.983354
1.11453
1.19157
1.18837
1.15156
1.16204
2.041e-07
2.041e-07
2.041e-07
2.041e-07
2.041e-07
2.041e-07
2.041e-07
2.041e-07
2.041e-07

2.041e-07
2.041e-07
2.041e-07
2.041e-07
2.041e-07
2.041e-07
2.041e-07
2.041e-07
2.041e-07
0.90247
0.925044
0.961971
1.01879
0.969136
0.890254
0.796098
0.69324
0.589207
0.492857
0.409616
0.341098
0.287173
0.246707
0.218167
0.200301
0.192735
0.196333
0.213118
0.24565
0.296671
0.369621
0.467919
0.591386
0.732643
0.877322
1.01078
1.12552
1.21496
1.25365
1.15156
1.08156
1.03699
2.041e-07
2.041e-07
2.041e-07
2.041e-07
2.041e-07
2.041e-07
2.041e-07
2.041e-07
2.041e-07

2.041e-07
2.041e-07
2.041e-07
2.041e-07
2.041e-07
2.041e-07
2.041e-07
2.041e-07
2.041e-07
2.041e-07
0.913303
0.99092
1.15693
1.05766
0.993876
0.926078
0.847767
0.75932
0.671716
0.591533
0.520825
0.461573
0.414763
0.380738
0.35987
0.353134
0.362396
0.389843
0.436768
0.503583
0.590921
0.698111
0.819284
0.942651
1.0516
1.13462
1.20298
1.27712
1.3903
1.16204
1.03699
2.041e-07
2.041e-07
2.041e-07
2.041e-07
2.041e-07
2.041e-07
2.041e-07
2.041e-07
2.041e-07
2.041e-07

2.041e-07
2.041e-07
2.041e-07
2.041e-07
2.041e-07
2.041e-07
2.041e-07
2.041e-07
2.041e-07
2.041e-07
2.041e-07
2.041e-07
1.13234
1.06815
1.03192
0.997416
0.961251
0.901973
0.83874
0.776022
0.713034
0.655755
0.607768
0.571686
0.550141
0.545921
0.561697
0.598558
0.654645
0.726806
0.813109
0.909576
1.00538
1.09095
1.15262
1.17451
1.19837
1.24679
1.32271
2.041e-07
2.041e-07
2.041e-07
2.041e-07
2.041e-07
2.041e-07
2.041e-07
2.041e-07
2.041e-07
2.041e-07
2.041e-07
2.041e-07

2.041e-07
2.041e-07
2.041e-07
2.041e-07
2.041e-07
2.041e-07
2.041e-07
2.041e-07
2.041e-07
2.041e-07
2.041e-07
2.041e-07
2.041e-07
1.05838
1.00098
0.992184
1.02035
0.985917
0.956663
0.921598
0.869818
0.820327
0.776891
0.742794
0.722993
0.722267
0.74349
0.785225
0.841213
0.905474
0.977548
1.05376
1.11111
1.1527
1.18398
1.13334
1.13084
1.18891
2.041e-07
2.041e-07
2.041e-07
2.041e-07
2.041e-07
2.041e-07
2.041e-07
2.041e-07
2.041e-07
2.041e-07
2.041e-07
2.041e-07
2.041e-07

2.041e-07
2.041e-07
2.041e-07
2.041e-07
2.041e-07
2.041e-07
2.041e-07
2.041e-07
2.041e-07
2.041e-07
2.041e-07
2.041e-07
2.041e-07
2.041e-07
0.946552
0.97122
1.06365
0.992532
1.00985
1.00649
0.950226
0.911985
0.879027
0.850712
0.834464
0.837193
0.861372
0.902232
0.948916
0.994581
1.04886
1.12386
1.14088
1.12772
1.21573
1.08938
1.02909
2.041e-07
2.041e-07
2.041e-07
2.041e-07
2.041e-07
2.041e-07
2.041e-07
2.041e-07
2.041e-07
2.041e-07
2.041e-07
2.041e-07
2.041e-07
2.041e-07

2.041e-07
2.041e-07
2.041e-07
2.041e-07
2.041e-07
2.041e-07
2.041e-07
2.041e-07
2.041e-07
2.041e-07
2.041e-07
2.041e-07
2.041e-07
2.041e-07
2.041e-07
2.041e-07
0.939239
0.916425
1.06205
1.06852
0.938001
0.923631
0.908651
0.888738
0.876612
0.881846
0.906399
0.94247
0.974675
0.993381
1.02204
1.18074
1.17554
1.00877
1.02604
2.041e-07
2.041e-07
2.041e-07
2.041e-07
2.041e-07
2.041e-07
2.041e-07
2.041e-07
2.041e-07
2.041e-07
2.041e-07
2.041e-07
2.041e-07
2.041e-07
2.041e-07
2.041e-07

2.041e-07
2.041e-07
2.041e-07
2.041e-07
2.041e-07
2.041e-07
2.041e-07
2.041e-07
2.041e-07
2.041e-07
2.041e-07
2.041e-07
2.041e-07
2.041e-07
2.041e-07
2.041e-07
2.041e-07
2.041e-07
2.041e-07
0.901218
0.840113
0.897606
0.90154
0.888076
0.878801
0.88517
0.908807
0.940671
0.962684
0.954121
0.889266
0.944228
2.041e-07
2.041e-07
2.041e-07
2.041e-07
2.041e-07
2.041e-07
2.041e-07
2.041e-07
2.041e-07
2.041e-07
2.041e-07
2.041e-07
2.041e-07
2.041e-07
2.041e-07
2.041e-07
2.041e-07
2.041e-07
2.041e-07

2.041e-07
2.041e-07
2.041e-07
2.041e-07
2.041e-07
2.041e-07
2.041e-07
2.041e-07
2.041e-07
2.041e-07
2.041e-07
2.041e-07
2.041e-07
2.041e-07
2.041e-07
2.041e-07
2.041e-07
2.041e-07
2.041e-07
2.041e-07
2.041e-07
2.041e-07
2.041e-07
2.041e-07
2.041e-07
2.041e-07
2.041e-07
2.041e-07
2.041e-07
2.041e-07
2.041e-07
2.041e-07
2.041e-07
2.041e-07
2.041e-07
2.041e-07
2.041e-07
2.041e-07
2.041e-07
2.041e-07
2.041e-07
2.041e-07
2.041e-07
2.041e-07
2.041e-07
2.041e-07
2.041e-07
2.041e-07
2.041e-07
2.041e-07
2.041e-07

2.041e-07
2.041e-07
2.041e-07
2.041e-07
2.041e-07
2.041e-07
2.041e-07
2.041e-07
2.041e-07
2.041e-07
2.041e-07
2.041e-07
2.041e-07
2.041e-07
2.041e-07
2.041e-07
2.041e-07
2.041e-07
2.041e-07
2.041e-07
2.041e-07
2.041e-07
2.041e-07
2.041e-07
2.041e-07
2.041e-07
2.041e-07
2.041e-07
2.041e-07
2.041e-07
2.041e-07
2.041e-07
2.041e-07
2.041e-07
2.041e-07
2.041e-07
2.041e-07
2.041e-07
2.041e-07
2.041e-07
2.041e-07
2.041e-07
2.041e-07
2.041e-07
2.041e-07
2.041e-07
2.041e-07
2.041e-07
2.041e-07
2.041e-07
2.041e-07

2.041e-07
2.041e-07
2.041e-07
2.041e-07
2.041e-07
2.041e-07
2.041e-07
2.041e-07
2.041e-07
2.041e-07
2.041e-07
2.041e-07
2.041e-07
2.041e-07
2.041e-07
2.041e-07
2.041e-07
2.041e-07
2.041e-07
2.041e-07
2.041e-07
2.041e-07
2.041e-07
2.041e-07
2.041e-07
2.041e-07
2.041e-07
2.041e-07
2.041e-07
2.041e-07
2.041e-07
2.041e-07
2.041e-07
2.041e-07
2.041e-07
2.041e-07
2.041e-07
2.041e-07
2.041e-07
2.041e-07
2.041e-07
2.041e-07
2.041e-07
2.041e-07
2.041e-07
2.041e-07
2.041e-07
2.041e-07
2.041e-07
2.041e-07
2.041e-07

2.041e-07
2.041e-07
2.041e-07
2.041e-07
2.041e-07
2.041e-07
2.041e-07
2.041e-07
2.041e-07
2.041e-07
2.041e-07
2.041e-07
2.041e-07
2.041e-07
2.041e-07
2.041e-07
2.041e-07
2.041e-07
2.041e-07
2.041e-07
2.041e-07
2.041e-07
2.041e-07
2.041e-07
2.041e-07
2.041e-07
2.041e-07
2.041e-07
2.041e-07
2.041e-07
2.041e-07
2.041e-07
2.041e-07
2.041e-07
2.041e-07
2.041e-07
2.041e-07
2.041e-07
2.041e-07
2.041e-07
2.041e-07
2.041e-07
2.041e-07
2.041e-07
2.041e-07
2.041e-07
2.041e-07
2.041e-07
2.041e-07
2.041e-07
2.041e-07

