0
0
0
0
0
0
0
0
0
0
0
0
0
0
0
0
0
0
0
0
0
0
0
0
0
0
0
0
0
0
0
0
0
0
0
0
0
0
0
0
0
0
0
0
0
0
0
0
0
0
0

0
0
0
0
0
0
0
0
0
0
0
0
0
0
0
0
0
0
0
0
0
0
0
0
0
0
0
0
0
0
0
0
0
0
0
0
0
0
0
0
0
0
0
0
0
0
0
0
0
0
0

0
0
0
0
0
0
0
0
0
0
0
0
0
0
0
0
0
0
0
0
0
0
0
0
0
0
0
0
0
0
0
0
0
0
0
0
0
0
0
0
0
0
0
0
0
0
0
0
0
0
0

0
0
0
0
0
0
0
0
0
0
0
0
0
0
0
0
0
0
0
0
0
0
0
0
0
0
0
0
0
0
0
0
0
0
0
0
0
0
0
0
0
0
0
0
0
0
0
0
0
0
0

0
0
0
0
0
0
0
0
0
0
0
0
0
0
0
0
0
0
0
9.79217e-14
1.32294e-12
6.38822e-13
1.33971e-12
3.84603e-12
7.29838e-12
5.91727e-12
1.86062e-12
3.13527e-13
5.38458e-14
1.84297e-14
3.04201e-14
1.77636e-15
0
0
0
0
0
0
0
0
0
0
0
0
0
0
0
0
0
0
0

0
0
0
0
0
0
0
0
0
0
0
0
0
0
0
0
5.55112e-15
2.56462e-14
1.11022e-15
2.22045e-15
2.88991e-13
1.34182e-12
4.77451e-12
1.47689e-11
2.76398e-11
2.29069e-11
7.8344e-12
1.40754e-12
2.00395e-13
2.69784e-14
1.77636e-15
0
0
0
0
0
0
0
0
0
0
0
0
0
0
0
0
0
0
0
0

0
0
0
0
0
0
0
0
0
0
0
0
0
0
1.55431e-15
1.33227e-15
2.22045e-16
7.10543e-15
2.03171e-14
7.01661e-14
9.51794e-13
7.54841e-12
4.03734e-11
1.44207e-10
2.84612e-10
2.56385e-10
9.92301e-11
1.85786e-11
2.0518e-12
1.41887e-13
5.10703e-15
2.22045e-16
0
0
0
0
0
0
0
0
0
0
0
0
0
0
0
0
0
0
0

0
0
0
0
0
0
0
0
0
0
0
0
0
0
5.55112e-16
2.10942e-15
2.88658e-15
2.75335e-14
2.59126e-13
2.38942e-12
2.72202e-11
2.4171e-10
1.45027e-09
5.38579e-09
1.09806e-08
1.09252e-08
5.01541e-09
1.0979e-09
1.23596e-10
7.36755e-12
2.27707e-13
4.10783e-15
0
0
0
0
0
0
0
0
0
0
0
0
0
0
0
0
0
0
0

0
0
0
0
0
0
0
0
0
0
0
0
0
0
4.44089e-16
4.996e-15
4.77396e-14
7.66498e-13
1.28595e-11
1.84877e-10
2.20395e-09
1.89054e-08
1.06566e-07
3.70851e-07
7.45642e-07
8.09278e-07
4.52098e-07
1.28244e-07
1.85135e-08
1.33535e-09
4.64544e-11
8.09908e-13
8.99281e-15
0
0
0
0
0
0
0
0
0
0
0
0
0
0
0
0
0
0

0
0
0
0
0
0
0
0
0
0
4.44089e-16
0
0
2.22045e-16
3.33067e-15
8.83738e-14
2.2603e-12
5.78374e-11
1.23591e-09
1.93059e-08
2.09692e-07
1.5198e-06
7.17245e-06
2.16855e-05
4.10934e-05
4.72986e-05
3.19468e-05
1.22626e-05
2.57614e-06
2.78775e-07
1.43369e-08
3.35629e-10
3.9182e-12
2.9976e-14
2.22045e-16
0
0
0
0
0
0
0
0
0
0
0
0
0
0
0
0

0
0
0
0
0
0
0
0
0
4.44089e-16
5.55112e-16
4.44089e-16
2.22045e-16
3.33067e-15
1.23235e-13
5.22504e-12
1.95615e-10
5.67196e-09
1.14101e-07
1.49676e-06
1.26757e-05
7.01865e-05
0.000259528
0.000653415
0.00113026
0.00133556
0.00105657
0.00054095
0.000170074
3.02716e-05
2.73575e-06
1.13589e-07
2.11458e-09
1.93726e-11
1.04028e-13
4.44089e-16
0
0
0
0
0
0
0
0
0
0
0
0
0
0
0

0
0
0
0
0
0
0
0
0
0
4.44089e-16
9.99201e-16
6.88338e-15
1.91624e-13
9.3715e-12
4.62261e-10
1.71573e-08
4.18527e-07
6.34957e-06
5.97296e-05
0.000359547
0.00145005
0.00410501
0.00848505
0.0131613
0.0155022
0.0137724
0.00897268
0.00406451
0.0011777
0.000194772
1.61913e-05
6.09449e-07
9.8548e-09
6.87846e-11
2.26374e-13
4.44089e-16
0
0
0
0
0
0
0
0
0
0
0
0
0
0

0
0
0
0
0
0
0
0
0
0
2.22045e-16
6.88338e-15
2.52243e-13
1.35892e-11
7.83921e-10
3.49726e-08
9.98037e-07
1.69653e-05
0.000172092
0.00108604
0.00452509
0.0132425
0.0288085
0.0489276
0.0674357
0.0772731
0.0739705
0.058035
0.0355907
0.0157691
0.00453121
0.000742305
6.03148e-05
2.11602e-06
2.84841e-08
1.41413e-10
3.03868e-13
4.44089e-16
0
0
0
0
0
0
0
0
0
0
0
0
0

0
0
0
0
0
0
0
0
0
2.22045e-16
3.33067e-15
1.91624e-13
1.35892e-11
9.45129e-10
4.97634e-08
1.64029e-06
3.10665e-05
0.000337717
0.00221149
0.00934072
0.027313
0.0591122
0.100769
0.142984
0.176335
0.194274
0.19314
0.171673
0.131993
0.0823411
0.0377508
0.0112041
0.00186221
0.000146784
4.56384e-06
4.79971e-08
1.67098e-10
2.41362e-13
2.22045e-16
0
0
0
0
0
0
0
0
0
0
0
0

0
0
0
0
0
0
1.55431e-15
5.55112e-16
4.44089e-16
3.33067e-15
1.23235e-13
9.3715e-12
7.83921e-10
4.97634e-08
1.92889e-06
4.14309e-05
0.000490568
0.00337148
0.0145
0.0421934
0.0895807
0.149304
0.208792
0.258324
0.293306
0.312292
0.314597
0.298947
0.263328
0.206803
0.134793
0.0650892
0.0200348
0.00330574
0.000239829
6.1638e-06
4.73888e-08
1.07328e-10
9.09273e-14
0
0
0
0
0
0
0
0
0
0
0
0

0
0
0
0
0
0
1.33227e-15
2.10942e-15
4.996e-15
8.83738e-14
5.22504e-12
4.62261e-10
3.49726e-08
1.64029e-06
4.14309e-05
0.000552852
0.00410292
0.0183596
0.0539501
0.113318
0.185131
0.253958
0.310402
0.351951
0.379558
0.394837
0.398661
0.390518
0.368141
0.327471
0.264118
0.179175
0.089997
0.02795
0.00435688
0.000270838
5.224e-06
2.54885e-08
3.08745e-11
1.33227e-14
0
0
0
0
0
0
0
0
0
0
0

0
0
0
0
0
5.55112e-15
2.22045e-16
2.88658e-15
4.77396e-14
2.2603e-12
1.95615e-10
1.71573e-08
9.98037e-07
3.10665e-05
0.000490568
0.00410292
0.0197778
0.0603003
0.127845
0.207589
0.281582
0.340674
0.383844
0.413544
0.432705
0.443556
0.447283
0.443887
0.431952
0.408238
0.367268
0.302061
0.20975
0.10645
0.0318473
0.00436771
0.000207706
2.51036e-06
6.17118e-09
3.45046e-12
8.88178e-16
0
0
0
0
0
0
0
0
0
0

0
0
0
0
0
2.56462e-14
7.10543e-15
2.75335e-14
7.66498e-13
5.78374e-11
5.67196e-09
4.18527e-07
1.69653e-05
0.000337717
0.00337148
0.0183596
0.0603003
0.132695
0.218274
0.296306
0.357213
0.400877
0.430743
0.450507
0.46305
0.470292
0.473276
0.472215
0.466391
0.453837
0.430709
0.390492
0.324109
0.225613
0.111335
0.0299512
0.00320784
9.66365e-05
5.79006e-07
6.03716e-10
1.60538e-13
0
0
0
0
0
0
0
0
0
0

0
0
0
0
0
1.11022e-15
2.03171e-14
2.59126e-13
1.28595e-11
1.23591e-09
1.14101e-07
6.34957e-06
0.000172092
0.00221149
0.0145
0.0539501
0.127845
0.218274
0.300924
0.364548
0.409304
0.439396
0.459142
0.471861
0.479828
0.484487
0.486641
0.486548
0.483899
0.47762
0.465417
0.442947
0.402646
0.333373
0.226767
0.102759
0.02219
0.00154887
2.32838e-05
5.37325e-08
1.9849e-11
2.55351e-15
0
0
0
0
0
0
0
0
0

0
0
0
0
9.79217e-14
2.22045e-15
7.01661e-14
2.38942e-12
1.84877e-10
1.93059e-08
1.49676e-06
5.97296e-05
0.00108604
0.00934072
0.0421934
0.113318
0.207589
0.296306
0.364548
0.411862
0.443072
0.463175
0.475962
0.484009
0.488982
0.491906
0.493362
0.493584
0.492467
0.489464
0.483306
0.471409
0.448811
0.406529
0.330658
0.21122
0.0799798
0.0116696
0.000409239
2.1306e-06
1.27436e-09
1.42886e-13
0
0
0
0
0
0
0
0
0

0
0
0
0
1.32294e-12
2.88991e-13
9.51794e-13
2.72202e-11
2.20395e-09
2.09692e-07
1.26757e-05
0.000359547
0.00452509
0.027313
0.0895807
0.185131
0.281582
0.357213
0.409304
0.443072
0.464367
0.477629
0.485835
0.490884
0.493954
0.495757
0.4967
0.496965
0.49654
0.495164
0.492169
0.486107
0.474004
0.449886
0.402352
0.313467
0.175478
0.0471801
0.00345071
3.78734e-05
3.91872e-08
4.90274e-12
3.33067e-16
0
0
0
0
0
0
0
0

0
0
0
0
6.38822e-13
1.34182e-12
7.54841e-12
2.4171e-10
1.89054e-08
1.5198e-06
7.01865e-05
0.00145005
0.0132425
0.0591122
0.149304
0.253958
0.340674
0.400877
0.439396
0.463175
0.477629
0.486358
0.491614
0.494772
0.496657
0.497757
0.498349
0.498567
0.498432
0.497829
0.49642
0.493432
0.487166
0.473945
0.445938
0.387542
0.275466
0.116561
0.0157449
0.000327236
5.80915e-07
9.4858e-11
5.77316e-15
0
0
0
0
0
0
0
0

0
0
0
0
1.33971e-12
4.77451e-12
4.03734e-11
1.45027e-09
1.06566e-07
7.17245e-06
0.000259528
0.00410501
0.0288085
0.100769
0.208792
0.310402
0.383844
0.430743
0.459142
0.475962
0.485835
0.491614
0.494996
0.496976
0.498133
0.4988
0.499164
0.49932
0.499295
0.499043
0.498402
0.496973
0.493822
0.486788
0.470861
0.434598
0.354029
0.201499
0.0439774
0.00153919
4.39363e-06
9.85225e-10
6.35048e-14
0
0
0
0
0
0
0
0

0
0
0
0
3.84603e-12
1.47689e-11
1.44207e-10
5.38579e-09
3.70851e-07
2.16855e-05
0.000653415
0.00848505
0.0489276
0.142984
0.258324
0.351951
0.413544
0.450507
0.471861
0.484009
0.490884
0.494772
0.496976
0.49823
0.498944
0.499349
0.49957
0.499674
0.499683
0.499584
0.499302
0.498637
0.497096
0.493449
0.484606
0.462561
0.406733
0.276428
0.0848274
0.00443431
1.83045e-05
5.39981e-09
3.85469e-13
0
0
0
0
0
0
0
0

0
0
0
0
7.29838e-12
2.76398e-11
2.84612e-10
1.09806e-08
7.45642e-07
4.10934e-05
0.00113026
0.0131613
0.0674357
0.176335
0.293306
0.379558
0.432705
0.46305
0.479828
0.488982
0.493954
0.496657
0.498133
0.498944
0.499392
0.49964
0.499775
0.499841
0.499857
0.499821
0.499701
0.4994
0.498665
0.496819
0.491979
0.478503
0.439134
0.330193
0.125831
0.00863304
4.47202e-05
1.5329e-08
1.13198e-12
2.22045e-16
0
0
0
0
0
0
0

0
0
0
0
5.91727e-12
2.29069e-11
2.56385e-10
1.09252e-08
8.09278e-07
4.72986e-05
0.00133556
0.0155022
0.0772731
0.194274
0.312292
0.394837
0.443556
0.470292
0.484487
0.491906
0.495757
0.497757
0.4988
0.499349
0.49964
0.499796
0.499879
0.49992
0.499934
0.499923
0.499874
0.499742
0.499399
0.498483
0.495832
0.487278
0.457786
0.363094
0.15486
0.012023
6.52796e-05
2.14678e-08
1.39788e-12
2.22045e-16
0
0
0
0
0
0
0

0
0
0
0
1.86062e-12
7.8344e-12
9.92301e-11
5.01541e-09
4.52098e-07
3.19468e-05
0.00105657
0.0137724
0.0739705
0.19314
0.314597
0.398661
0.447283
0.473276
0.486641
0.493362
0.4967
0.498349
0.499164
0.49957
0.499775
0.499879
0.499932
0.499958
0.499969
0.499967
0.499948
0.499891
0.499735
0.499285
0.497785
0.491832
0.467087
0.377224
0.163239
0.0119818
5.45322e-05
1.35102e-08
6.35159e-13
1.11022e-16
0
0
0
0
0
0
0

0
0
0
0
3.13527e-13
1.40754e-12
1.85786e-11
1.0979e-09
1.28244e-07
1.22626e-05
0.00054095
0.00897268
0.058035
0.171673
0.298947
0.390518
0.443887
0.472215
0.486548
0.493584
0.496965
0.498567
0.49932
0.499674
0.499841
0.49992
0.499958
0.499977
0.499985
0.499986
0.499978
0.499955
0.499885
0.49966
0.498686
0.49355
0.468349
0.370972
0.144777
0.00802296
2.35605e-05
3.4251e-09
1.00586e-13
0
0
0
0
0
0
0
0

0
0
0
0
5.38458e-14
2.00395e-13
2.0518e-12
1.23596e-10
1.85135e-08
2.57614e-06
0.000170074
0.00406451
0.0355907
0.131993
0.263328
0.368141
0.431952
0.466391
0.483899
0.492467
0.49654
0.498432
0.499295
0.499683
0.499857
0.499934
0.499969
0.499985
0.499991
0.499993
0.499991
0.499981
0.49995
0.499805
0.498806
0.49226
0.459104
0.337151
0.100039
0.00320172
4.63211e-06
3.27873e-10
6.10623e-15
0
0
0
0
0
0
0
0

0
0
0
0
1.84297e-14
2.69784e-14
1.41887e-13
7.36755e-12
1.33535e-09
2.78775e-07
3.02716e-05
0.0011777
0.0157691
0.0823411
0.206803
0.327471
0.408238
0.453837
0.47762
0.489464
0.495164
0.497829
0.499043
0.499584
0.499821
0.499923
0.499967
0.499986
0.499993
0.499996
0.499996
0.499992
0.499968
0.499725
0.497697
0.485484
0.431515
0.265202
0.046418
0.000645603
3.613e-07
1.161e-11
1.11022e-16
0
0
0
0
0
0
0
0

0
0
0
0
3.04201e-14
1.77636e-15
5.10703e-15
2.27707e-13
4.64544e-11
1.43369e-08
2.73575e-06
0.000194772
0.00453121
0.0377508
0.134793
0.264118
0.367268
0.430709
0.465417
0.483306
0.492169
0.49642
0.498402
0.499302
0.499701
0.499874
0.499948
0.499978
0.499991
0.499996
0.499997
0.499992
0.499898
0.499009
0.493269
0.466161
0.370039
0.155755
0.0115213
5.24229e-05
9.41427e-09
1.47327e-13
0
0
0
0
0
0
0
0
0

0
0
0
0
1.77636e-15
0
0
4.10783e-15
8.09908e-13
3.35629e-10
1.13589e-07
1.61913e-05
0.000742305
0.0112041
0.0650892
0.179175
0.302061
0.390492
0.442947
0.471409
0.486107
0.493432
0.496973
0.498637
0.4994
0.499742
0.499891
0.499955
0.499981
0.499992
0.499992
0.499929
0.499365
0.495818
0.479091
0.418038
0.255157
0.0512695
0.00112596
1.27454e-06
6.90668e-11
6.66134e-16
0
0
0
0
0
0
0
0
0

0
0
0
0
0
0
0
0
8.99281e-15
3.9182e-12
2.11458e-09
6.09449e-07
6.03148e-05
0.00186221
0.0200348
0.089997
0.20975
0.324109
0.402646
0.448811
0.474004
0.487166
0.493822
0.497096
0.498665
0.499399
0.499735
0.499885
0.49995
0.499968
0.499898
0.499365
0.496459
0.483709
0.438427
0.3126
0.104945
0.00633638
3.0159e-05
7.19988e-09
1.43996e-13
0
0
0
0
0
0
0
0
0
0

0
0
0
0
0
0
0
0
0
2.9976e-14
1.93726e-11
9.8548e-09
2.11602e-06
0.000146784
0.00330574
0.02795
0.10645
0.225613
0.333373
0.406529
0.449886
0.473945
0.486788
0.493449
0.496819
0.498483
0.499285
0.49966
0.499805
0.499725
0.499009
0.495818
0.483709
0.444174
0.33751
0.144523
0.0157053
0.000196184
1.63223e-07
9.4228e-12
1.11022e-16
0
0
0
0
0
0
0
0
0
0

0
0
0
0
0
0
0
0
0
2.22045e-16
1.04028e-13
6.87846e-11
2.84841e-08
4.56384e-06
0.000239829
0.00435688
0.0318473
0.111335
0.226767
0.330658
0.402352
0.445938
0.470861
0.484606
0.491979
0.495832
0.497785
0.498686
0.498806
0.497697
0.493269
0.479091
0.438427
0.33751
0.15848
0.0232561
0.000523659
1.06152e-06
1.66116e-10
4.10783e-15
0
0
0
0
0
0
0
0
0
0
0

0
0
0
0
0
0
0
0
0
0
4.44089e-16
2.26374e-13
1.41413e-10
4.79971e-08
6.1638e-06
0.000270838
0.00436771
0.0299512
0.102759
0.21122
0.313467
0.387542
0.434598
0.462561
0.478503
0.487278
0.491832
0.49355
0.49226
0.485484
0.466161
0.418038
0.3126
0.144523
0.0232561
0.000711523
2.53565e-06
8.40494e-10
4.16334e-14
0
0
0
0
0
0
0
0
0
0
0
0

0
0
0
0
0
0
0
0
0
0
0
4.44089e-16
3.03868e-13
1.67098e-10
4.73888e-08
5.224e-06
0.000207706
0.00320784
0.02219
0.0799798
0.175478
0.275466
0.354029
0.406733
0.439134
0.457786
0.467087
0.468349
0.459104
0.431515
0.370039
0.255157
0.104945
0.0157053
0.000523659
2.53565e-06
1.40753e-09
1.23235e-13
0
0
0
0
0
0
0
0
0
0
0
0
0

0
0
0
0
0
0
0
0
0
0
0
0
4.44089e-16
2.41362e-13
1.07328e-10
2.54885e-08
2.51036e-06
9.66365e-05
0.00154887
0.0116696
0.0471801
0.116561
0.201499
0.276428
0.330193
0.363094
0.377224
0.370972
0.337151
0.265202
0.155755
0.0512695
0.00633638
0.000196184
1.06152e-06
8.40494e-10
1.23235e-13
0
0
0
0
0
0
0
0
0
0
0
0
0
0

0
0
0
0
0
0
0
0
0
0
0
0
0
2.22045e-16
9.09273e-14
3.08745e-11
6.17118e-09
5.79006e-07
2.32838e-05
0.000409239
0.00345071
0.0157449
0.0439774
0.0848274
0.125831
0.15486
0.163239
0.144777
0.100039
0.046418
0.0115213
0.00112596
3.0159e-05
1.63223e-07
1.66116e-10
4.16334e-14
0
0
0
0
0
0
0
0
0
0
0
0
0
0
0

0
0
0
0
0
0
0
0
0
0
0
0
0
0
0
1.33227e-14
3.45046e-12
6.03716e-10
5.37325e-08
2.1306e-06
3.78734e-05
0.000327236
0.00153919
0.00443431
0.00863304
0.012023
0.0119818
0.00802296
0.00320172
0.000645603
5.24229e-05
1.27454e-06
7.19988e-09
9.4228e-12
4.10783e-15
0
0
0
0
0
0
0
0
0
0
0
0
0
0
0
0

0
0
0
0
0
0
0
0
0
0
0
0
0
0
0
0
8.88178e-16
1.60538e-13
1.9849e-11
1.27436e-09
3.91872e-08
5.80915e-07
4.39363e-06
1.83045e-05
4.47202e-05
6.52796e-05
5.45322e-05
2.35605e-05
4.63211e-06
3.613e-07
9.41427e-09
6.90668e-11
1.43996e-13
1.11022e-16
0
0
0
0
0
0
0
0
0
0
0
0
0
0
0
0
0

0
0
0
0
0
0
0
0
0
0
0
0
0
0
0
0
0
0
2.55351e-15
1.42886e-13
4.90274e-12
9.4858e-11
9.85225e-10
5.39981e-09
1.5329e-08
2.14678e-08
1.35102e-08
3.4251e-09
3.27873e-10
1.161e-11
1.47327e-13
6.66134e-16
0
0
0
0
0
0
0
0
0
0
0
0
0
0
0
0
0
0
0

0
0
0
0
0
0
0
0
0
0
0
0
0
0
0
0
0
0
0
0
3.33067e-16
5.77316e-15
6.35048e-14
3.85469e-13
1.13198e-12
1.39788e-12
6.35159e-13
1.00586e-13
6.10623e-15
1.11022e-16
0
0
0
0
0
0
0
0
0
0
0
0
0
0
0
0
0
0
0
0
0

0
0
0
0
0
0
0
0
0
0
0
0
0
0
0
0
0
0
0
0
0
0
0
0
2.22045e-16
2.22045e-16
1.11022e-16
0
0
0
0
0
0
0
0
0
0
0
0
0
0
0
0
0
0
0
0
0
0
0
0

0
0
0
0
0
0
0
0
0
0
0
0
0
0
0
0
0
0
0
0
0
0
0
0
0
0
0
0
0
0
0
0
0
0
0
0
0
0
0
0
0
0
0
0
0
0
0
0
0
0
0

0
0
0
0
0
0
0
0
0
0
0
0
0
0
0
0
0
0
0
0
0
0
0
0
0
0
0
0
0
0
0
0
0
0
0
0
0
0
0
0
0
0
0
0
0
0
0
0
0
0
0

0
0
0
0
0
0
0
0
0
0
0
0
0
0
0
0
0
0
0
0
0
0
0
0
0
0
0
0
0
0
0
0
0
0
0
0
0
0
0
0
0
0
0
0
0
0
0
0
0
0
0

0
0
0
0
0
0
0
0
0
0
0
0
0
0
0
0
0
0
0
0
0
0
0
0
0
0
0
0
0
0
0
0
0
0
0
0
0
0
0
0
0
0
0
0
0
0
0
0
0
0
0

0
0
0
0
0
0
0
0
0
0
0
0
0
0
0
0
0
0
0
0
0
0
0
0
0
0
0
0
0
0
0
0
0
0
0
0
0
0
0
0
0
0
0
0
0
0
0
0
0
0
0

0
0
0
0
0
0
0
0
0
0
0
0
0
0
0
0
0
0
0
0
0
0
0
0
0
0
0
0
0
0
0
0
0
0
0
0
0
0
0
0
0
0
0
0
0
0
0
0
0
0
0

0
0
0
0
0
0
0
0
0
0
0
0
0
0
0
0
0
0
0
0
0
0
0
0
0
0
0
0
0
0
0
0
0
0
0
0
0
0
0
0
0
0
0
0
0
0
0
0
0
0
0

